1	1	1	30
2	1	1	5
3	1	1	37
4	1	1	94
5	1	1	130
6	1	1	165
7	1	1	176
8	1	1	199
9	1	1	208
10	1	1	223
11	1	1	221
12	1	1	219
13	1	1	211
14	1	1	197
15	1	1	173
16	1	1	195
17	1	1	167
18	1	1	150
19	1	1	0
20	1	1	55
21	1	1	108
22	1	1	156
23	1	1	119
24	1	1	89
25	1	1	29
26	1	1	16
27	1	1	33
28	1	1	161
29	1	1	101
30	1	1	32
31	1	1	31
32	1	1	17
33	1	1	61
34	1	1	87
35	1	1	113
36	1	1	58
37	1	1	67
38	1	1	94
39	1	1	79
40	1	1	85
41	1	1	70
42	1	1	65
43	1	1	32
44	1	1	0
45	1	1	40
46	1	1	93
47	1	1	104
48	1	1	7
49	1	1	2
50	1	1	11
51	1	1	16
52	1	1	37
53	1	1	61
54	1	1	174
55	1	1	198
56	1	1	217
57	1	1	158
58	1	1	160
59	1	1	108
60	1	1	28
61	1	1	19
62	1	1	71
63	1	1	98
64	1	1	130
1	2	1	45
2	2	1	7
3	2	1	42
4	2	1	97
5	2	1	129
6	2	1	161
7	2	1	195
8	2	1	214
9	2	1	228
10	2	1	243
11	2	1	242
12	2	1	240
13	2	1	232
14	2	1	217
15	2	1	195
16	2	1	206
17	2	1	173
18	2	1	158
19	2	1	29
20	2	1	1
21	2	1	38
22	2	1	172
23	2	1	128
24	2	1	101
25	2	1	55
26	2	1	24
27	2	1	2
28	2	1	111
29	2	1	119
30	2	1	27
31	2	1	12
32	2	1	13
33	2	1	43
34	2	1	66
35	2	1	80
36	2	1	94
37	2	1	114
38	2	1	139
39	2	1	142
40	2	1	134
41	2	1	118
42	2	1	78
43	2	1	46
44	2	1	0
45	2	1	21
46	2	1	48
47	2	1	84
48	2	1	199
49	2	1	15
50	2	1	45
51	2	1	119
52	2	1	79
53	2	1	96
54	2	1	172
55	2	1	191
56	2	1	208
57	2	1	205
58	2	1	175
59	2	1	126
60	2	1	56
61	2	1	5
62	2	1	45
63	2	1	23
64	2	1	104
1	3	1	64
2	3	1	19
3	3	1	46
4	3	1	97
5	3	1	113
6	3	1	144
7	3	1	190
8	3	1	211
9	3	1	227
10	3	1	247
11	3	1	246
12	3	1	245
13	3	1	237
14	3	1	223
15	3	1	206
16	3	1	199
17	3	1	172
18	3	1	162
19	3	1	81
20	3	1	20
21	3	1	12
22	3	1	167
23	3	1	120
24	3	1	101
25	3	1	69
26	3	1	36
27	3	1	7
28	3	1	141
29	3	1	83
30	3	1	18
31	3	1	3
32	3	1	9
33	3	1	36
34	3	1	44
35	3	1	33
36	3	1	126
37	3	1	154
38	3	1	155
39	3	1	175
40	3	1	161
41	3	1	155
42	3	1	119
43	3	1	59
44	3	1	2
45	3	1	0
46	3	1	8
47	3	1	36
48	3	1	183
49	3	1	52
50	3	1	84
51	3	1	113
52	3	1	114
53	3	1	118
54	3	1	170
55	3	1	189
56	3	1	198
57	3	1	212
58	3	1	186
59	3	1	144
60	3	1	80
61	3	1	13
62	3	1	20
63	3	1	40
64	3	1	54
1	4	1	68
2	4	1	14
3	4	1	28
4	4	1	57
5	4	1	102
6	4	1	146
7	4	1	199
8	4	1	204
9	4	1	215
10	4	1	241
11	4	1	227
12	4	1	201
13	4	1	178
14	4	1	148
15	4	1	115
16	4	1	185
17	4	1	161
18	4	1	161
19	4	1	186
20	4	1	187
21	4	1	170
22	4	1	145
23	4	1	117
24	4	1	96
25	4	1	44
26	4	1	33
27	4	1	19
28	4	1	22
29	4	1	30
30	4	1	36
31	4	1	16
32	4	1	17
33	4	1	44
34	4	1	67
35	4	1	94
36	4	1	129
37	4	1	164
38	4	1	190
39	4	1	206
40	4	1	179
41	4	1	181
42	4	1	156
43	4	1	108
44	4	1	62
45	4	1	8
46	4	1	31
47	4	1	98
48	4	1	148
49	4	1	162
50	4	1	175
51	4	1	111
52	4	1	17
53	4	1	61
54	4	1	154
55	4	1	214
56	4	1	209
57	4	1	205
58	4	1	188
59	4	1	156
60	4	1	104
61	4	1	79
62	4	1	56
63	4	1	35
64	4	1	27
1	5	1	74
2	5	1	16
3	5	1	17
4	5	1	30
5	5	1	78
6	5	1	135
7	5	1	183
8	5	1	201
9	5	1	217
10	5	1	230
11	5	1	225
12	5	1	208
13	5	1	173
14	5	1	155
15	5	1	124
16	5	1	179
17	5	1	167
18	5	1	164
19	5	1	160
20	5	1	150
21	5	1	146
22	5	1	126
23	5	1	105
24	5	1	90
25	5	1	22
26	5	1	0
27	5	1	7
28	5	1	54
29	5	1	52
30	5	1	38
31	5	1	10
32	5	1	5
33	5	1	36
34	5	1	68
35	5	1	104
36	5	1	140
37	5	1	172
38	5	1	203
39	5	1	224
40	5	1	202
41	5	1	192
42	5	1	172
43	5	1	135
44	5	1	111
45	5	1	53
46	5	1	0
47	5	1	55
48	5	1	108
49	5	1	138
50	5	1	163
51	5	1	106
52	5	1	19
53	5	1	52
54	5	1	126
55	5	1	199
56	5	1	195
57	5	1	189
58	5	1	173
59	5	1	136
60	5	1	86
61	5	1	44
62	5	1	33
63	5	1	19
64	5	1	10
1	6	1	78
2	6	1	22
3	6	1	9
4	6	1	12
5	6	1	58
6	6	1	122
7	6	1	148
8	6	1	183
9	6	1	203
10	6	1	203
11	6	1	199
12	6	1	193
13	6	1	168
14	6	1	149
15	6	1	153
16	6	1	158
17	6	1	156
18	6	1	135
19	6	1	133
20	6	1	123
21	6	1	96
22	6	1	84
23	6	1	73
24	6	1	61
25	6	1	4
26	6	1	23
27	6	1	37
28	6	1	81
29	6	1	78
30	6	1	64
31	6	1	24
32	6	1	0
33	6	1	21
34	6	1	57
35	6	1	102
36	6	1	146
37	6	1	177
38	6	1	201
39	6	1	226
40	6	1	232
41	6	1	213
42	6	1	189
43	6	1	167
44	6	1	140
45	6	1	91
46	6	1	29
47	6	1	1
48	6	1	38
49	6	1	104
50	6	1	137
51	6	1	77
52	6	1	18
53	6	1	42
54	6	1	95
55	6	1	163
56	6	1	173
57	6	1	172
58	6	1	152
59	6	1	95
60	6	1	39
61	6	1	22
62	6	1	0
63	6	1	7
64	6	1	5
1	7	1	76
2	7	1	22
3	7	1	0
4	7	1	26
5	7	1	46
6	7	1	67
7	7	1	118
8	7	1	150
9	7	1	162
10	7	1	167
11	7	1	168
12	7	1	165
13	7	1	158
14	7	1	156
15	7	1	135
16	7	1	150
17	7	1	146
18	7	1	126
19	7	1	116
20	7	1	117
21	7	1	75
22	7	1	62
23	7	1	48
24	7	1	38
25	7	1	60
26	7	1	108
27	7	1	126
28	7	1	135
29	7	1	134
30	7	1	118
31	7	1	54
32	7	1	14
33	7	1	10
34	7	1	30
35	7	1	78
36	7	1	135
37	7	1	169
38	7	1	192
39	7	1	210
40	7	1	238
41	7	1	227
42	7	1	201
43	7	1	178
44	7	1	148
45	7	1	115
46	7	1	81
47	7	1	20
48	7	1	12
49	7	1	51
50	7	1	76
51	7	1	79
52	7	1	86
53	7	1	90
54	7	1	64
55	7	1	103
56	7	1	96
57	7	1	78
58	7	1	53
59	7	1	43
60	7	1	10
61	7	1	20
62	7	1	33
63	7	1	19
64	7	1	36
1	8	1	73
2	8	1	27
3	8	1	0
4	8	1	21
5	8	1	43
6	8	1	47
7	8	1	93
8	8	1	104
9	8	1	130
10	8	1	138
11	8	1	145
12	8	1	144
13	8	1	140
14	8	1	127
15	8	1	100
16	8	1	123
17	8	1	96
18	8	1	84
19	8	1	53
20	8	1	43
21	8	1	10
22	8	1	10
23	8	1	5
24	8	1	0
25	8	1	112
26	8	1	150
27	8	1	166
28	8	1	167
29	8	1	161
30	8	1	155
31	8	1	78
32	8	1	38
33	8	1	13
34	8	1	12
35	8	1	58
36	8	1	122
37	8	1	32
38	8	1	173
39	8	1	185
40	8	1	9
41	8	1	225
42	8	1	208
43	8	1	232
44	8	1	155
45	8	1	124
46	8	1	83
47	8	1	53
48	8	1	15
49	8	1	2
50	8	1	33
51	8	1	38
52	8	1	39
53	8	1	41
54	8	1	20
55	8	1	5
56	8	1	35
57	8	1	35
58	8	1	15
59	8	1	31
60	8	1	20
61	8	1	16
62	8	1	17
63	8	1	34
64	8	1	69
1	9	1	61
2	9	1	23
3	9	1	0
4	9	1	19
5	9	1	32
6	9	1	31
7	9	1	48
8	9	1	84
9	9	1	98
10	9	1	100
11	9	1	109
12	9	1	109
13	9	1	103
14	9	1	96
15	9	1	78
16	9	1	88
17	9	1	71
18	9	1	62
19	9	1	0
20	9	1	0
21	9	1	20
22	9	1	0
23	9	1	8
24	9	1	15
25	9	1	146
26	9	1	163
27	9	1	181
28	9	1	180
29	9	1	175
30	9	1	172
31	9	1	125
32	9	1	85
33	9	1	37
34	9	1	5
35	9	1	29
36	9	1	85
37	9	1	54
38	9	1	156
39	9	1	161
40	9	1	23
41	9	1	199
42	9	1	193
43	9	1	180
44	9	1	149
45	9	1	126
46	9	1	100
47	9	1	84
48	9	1	39
49	9	1	7
50	9	1	15
51	9	1	16
52	9	1	3
53	9	1	8
54	9	1	4
55	9	1	7
56	9	1	7
57	9	1	13
58	9	1	53
59	9	1	64
60	9	1	85
61	9	1	10
62	9	1	5
63	9	1	87
64	9	1	67
1	10	1	44
2	10	1	6
3	10	1	7
4	10	1	27
5	10	1	27
6	10	1	12
7	10	1	37
8	10	1	21
9	10	1	18
10	10	1	62
11	10	1	77
12	10	1	80
13	10	1	58
14	10	1	35
15	10	1	35
16	10	1	10
17	10	1	3
18	10	1	15
19	10	1	49
20	10	1	64
21	10	1	85
22	10	1	75
23	10	1	95
24	10	1	111
25	10	1	152
26	10	1	173
27	10	1	208
28	10	1	194
29	10	1	178
30	10	1	179
31	10	1	157
32	10	1	131
33	10	1	98
34	10	1	42
35	10	1	95
36	10	1	90
37	10	1	91
38	10	1	100
39	10	1	65
40	10	1	32
41	10	1	157
42	10	1	186
43	10	1	182
44	10	1	135
45	10	1	121
46	10	1	99
47	10	1	74
48	10	1	49
49	10	1	25
50	10	1	3
51	10	1	16
52	10	1	10
53	10	1	7
54	10	1	26
55	10	1	51
56	10	1	56
57	10	1	64
58	10	1	79
59	10	1	86
60	10	1	64
61	10	1	24
62	10	1	0
63	10	1	0
64	10	1	27
1	11	1	21
2	11	1	0
3	11	1	6
4	11	1	23
5	11	1	18
6	11	1	3
7	11	1	15
8	11	1	15
9	11	1	50
10	11	1	26
11	11	1	25
12	11	1	22
13	11	1	22
14	11	1	7
15	11	1	13
16	11	1	20
17	11	1	117
18	11	1	68
19	11	1	199
20	11	1	113
21	11	1	125
22	11	1	132
23	11	1	149
24	11	1	150
25	11	1	165
26	11	1	196
27	11	1	203
28	11	1	206
29	11	1	199
30	11	1	201
31	11	1	194
32	11	1	194
33	11	1	138
34	11	1	81
35	11	1	142
36	11	1	129
37	11	1	112
38	11	1	96
39	11	1	84
40	11	1	46
41	11	1	9
42	11	1	139
43	11	1	158
44	11	1	139
45	11	1	108
46	11	1	69
47	11	1	0
48	11	1	55
49	11	1	42
50	11	1	91
51	11	1	42
52	11	1	66
53	11	1	94
54	11	1	51
55	11	1	72
56	11	1	122
57	11	1	108
58	11	1	121
59	11	1	128
60	11	1	101
61	11	1	54
62	11	1	14
63	11	1	15
64	11	1	11
1	12	1	14
2	12	1	14
3	12	1	22
4	12	1	30
5	12	1	36
6	12	1	16
7	12	1	0
8	12	1	13
9	12	1	76
10	12	1	2
11	12	1	22
12	12	1	42
13	12	1	42
14	12	1	54
15	12	1	61
16	12	1	69
17	12	1	119
18	12	1	142
19	12	1	183
20	12	1	158
21	12	1	173
22	12	1	169
23	12	1	190
24	12	1	191
25	12	1	173
26	12	1	206
27	12	1	210
28	12	1	216
29	12	1	227
30	12	1	211
31	12	1	216
32	12	1	216
33	12	1	172
34	12	1	131
35	12	1	158
36	12	1	169
37	12	1	142
38	12	1	112
39	12	1	97
40	12	1	60
41	12	1	7
42	12	1	84
43	12	1	107
44	12	1	77
45	12	1	67
46	12	1	44
47	12	1	23
48	12	1	51
49	12	1	41
50	12	1	162
51	12	1	46
52	12	1	82
53	12	1	117
54	12	1	78
55	12	1	100
56	12	1	147
57	12	1	143
58	12	1	156
59	12	1	160
60	12	1	111
61	12	1	78
62	12	1	38
63	12	1	50
64	12	1	4
1	13	1	36
2	13	1	19
3	13	1	0
4	13	1	3
5	13	1	26
6	13	1	20
7	13	1	9
8	13	1	19
9	13	1	60
10	13	1	21
11	13	1	40
12	13	1	65
13	13	1	79
14	13	1	110
15	13	1	89
16	13	1	100
17	13	1	81
18	13	1	131
19	13	1	166
20	13	1	135
21	13	1	172
22	13	1	178
23	13	1	186
24	13	1	187
25	13	1	185
26	13	1	206
27	13	1	206
28	13	1	213
29	13	1	198
30	13	1	234
31	13	1	219
32	13	1	216
33	13	1	211
34	13	1	200
35	13	1	182
36	13	1	197
37	13	1	165
38	13	1	120
39	13	1	91
40	13	1	49
41	13	1	0
42	13	1	13
43	13	1	27
44	13	1	37
45	13	1	9
46	13	1	42
47	13	1	65
48	13	1	139
49	13	1	166
50	13	1	188
51	13	1	0
52	13	1	46
53	13	1	113
54	13	1	121
55	13	1	142
56	13	1	168
57	13	1	191
58	13	1	183
59	13	1	176
60	13	1	182
61	13	1	173
62	13	1	158
63	13	1	57
64	13	1	5
1	14	1	25
2	14	1	17
3	14	1	8
4	14	1	15
5	14	1	31
6	14	1	33
7	14	1	18
8	14	1	15
9	14	1	47
10	14	1	42
11	14	1	71
12	14	1	91
13	14	1	97
14	14	1	100
15	14	1	45
16	14	1	33
17	14	1	11
18	14	1	62
19	14	1	140
20	14	1	143
21	14	1	165
22	14	1	183
23	14	1	193
24	14	1	168
25	14	1	181
26	14	1	128
27	14	1	101
28	14	1	211
29	14	1	170
30	14	1	230
31	14	1	239
32	14	1	220
33	14	1	224
34	14	1	211
35	14	1	189
36	14	1	204
37	14	1	175
38	14	1	144
39	14	1	89
40	14	1	48
41	14	1	0
42	14	1	22
43	14	1	29
44	14	1	12
45	14	1	58
46	14	1	108
47	14	1	126
48	14	1	183
49	14	1	191
50	14	1	229
51	14	1	7
52	14	1	26
53	14	1	93
54	14	1	131
55	14	1	161
56	14	1	184
57	14	1	204
58	14	1	197
59	14	1	191
60	14	1	211
61	14	1	200
62	14	1	182
63	14	1	80
64	14	1	13
1	15	1	1
2	15	1	1
3	15	1	24
4	15	1	53
5	15	1	64
6	15	1	46
7	15	1	32
8	15	1	13
9	15	1	18
10	15	1	46
11	15	1	65
12	15	1	109
13	15	1	89
14	15	1	127
15	15	1	64
16	15	1	81
17	15	1	9
18	15	1	64
19	15	1	98
20	15	1	146
21	15	1	164
22	15	1	192
23	15	1	188
24	15	1	161
25	15	1	185
26	15	1	120
27	15	1	101
28	15	1	185
29	15	1	201
30	15	1	232
31	15	1	234
32	15	1	216
33	15	1	227
34	15	1	214
35	15	1	191
36	15	1	193
37	15	1	165
38	15	1	123
39	15	1	99
40	15	1	56
41	15	1	0
42	15	1	34
43	15	1	40
44	15	1	47
45	15	1	127
46	15	1	150
47	15	1	166
48	15	1	213
49	15	1	226
50	15	1	108
51	15	1	42
52	15	1	12
53	15	1	65
54	15	1	154
55	15	1	166
56	15	1	190
57	15	1	212
58	15	1	204
59	15	1	201
60	15	1	224
61	15	1	211
62	15	1	189
63	15	1	104
64	15	1	37
1	16	1	34
2	16	1	43
3	16	1	38
4	16	1	11
5	16	1	9
6	16	1	0
7	16	1	55
8	16	1	27
9	16	1	0
10	16	1	46
11	16	1	78
12	16	1	123
13	16	1	142
14	16	1	113
15	16	1	68
16	16	1	45
17	16	1	7
18	16	1	62
19	16	1	130
20	16	1	163
21	16	1	176
22	16	1	185
23	16	1	177
24	16	1	149
25	16	1	145
26	16	1	117
27	16	1	100
28	16	1	162
29	16	1	171
30	16	1	207
31	16	1	212
32	16	1	209
33	16	1	214
34	16	1	191
35	16	1	193
36	16	1	161
37	16	1	155
38	16	1	149
39	16	1	86
40	16	1	35
41	16	1	0
42	16	1	0
43	16	1	52
44	16	1	97
45	16	1	145
46	16	1	166
47	16	1	203
48	16	1	205
49	16	1	175
50	16	1	126
51	16	1	57
52	16	1	7
53	16	1	25
54	16	1	172
55	16	1	194
56	16	1	198
57	16	1	196
58	16	1	214
59	16	1	226
60	16	1	219
61	16	1	210
62	16	1	201
63	16	1	168
64	16	1	137
1	17	1	85
2	17	1	91
3	17	1	75
4	17	1	42
5	17	1	23
6	17	1	0
7	17	1	51
8	17	1	89
9	17	1	183
10	17	1	151
11	17	1	165
12	17	1	175
13	17	1	150
14	17	1	119
15	17	1	74
16	17	1	49
17	17	1	0
18	17	1	52
19	17	1	123
20	17	1	164
21	17	1	195
22	17	1	196
23	17	1	164
24	17	1	108
25	17	1	105
26	17	1	83
27	17	1	90
28	17	1	37
29	17	1	24
30	17	1	182
31	17	1	203
32	17	1	209
33	17	1	203
34	17	1	178
35	17	1	172
36	17	1	161
37	17	1	140
38	17	1	125
39	17	1	39
40	17	1	20
41	17	1	7
42	17	1	0
43	17	1	46
44	17	1	83
45	17	1	136
46	17	1	168
47	17	1	199
48	17	1	212
49	17	1	186
50	17	1	144
51	17	1	118
52	17	1	52
53	17	1	12
54	17	1	194
55	17	1	206
56	17	1	213
57	17	1	204
58	17	1	220
59	17	1	222
60	17	1	200
61	17	1	214
62	17	1	191
63	17	1	148
64	17	1	163
1	18	1	102
2	18	1	96
3	18	1	100
4	18	1	65
5	18	1	32
6	18	1	0
7	18	1	46
8	18	1	82
9	18	1	153
10	18	1	164
11	18	1	190
12	18	1	206
13	18	1	162
14	18	1	126
15	18	1	78
16	18	1	48
17	18	1	0
18	18	1	46
19	18	1	121
20	18	1	163
21	18	1	182
22	18	1	170
23	18	1	141
24	18	1	96
25	18	1	54
26	18	1	34
27	18	1	69
28	18	1	2
29	18	1	0
30	18	1	158
31	18	1	178
32	18	1	177
33	18	1	189
34	18	1	178
35	18	1	150
36	18	1	134
37	18	1	99
38	18	1	72
39	18	1	2
40	18	1	20
41	18	1	33
42	18	1	0
43	18	1	36
44	18	1	62
45	18	1	141
46	18	1	169
47	18	1	187
48	18	1	205
49	18	1	188
50	18	1	156
51	18	1	152
52	18	1	108
53	18	1	18
54	18	1	191
55	18	1	211
56	18	1	196
57	18	1	206
58	18	1	221
59	18	1	215
60	18	1	201
61	18	1	203
62	18	1	178
63	18	1	155
64	18	1	161
1	19	1	136
2	19	1	124
3	19	1	114
4	19	1	84
5	19	1	46
6	19	1	0
7	19	1	40
8	19	1	74
9	19	1	84
10	19	1	172
11	19	1	203
12	19	1	224
13	19	1	192
14	19	1	159
15	19	1	121
16	19	1	16
17	19	1	11
18	19	1	69
19	19	1	117
20	19	1	147
21	19	1	108
22	19	1	83
23	19	1	59
24	19	1	55
25	19	1	29
26	19	1	3
27	19	1	19
28	19	1	23
29	19	1	28
30	19	1	195
31	19	1	193
32	19	1	183
33	19	1	212
34	19	1	200
35	19	1	194
36	19	1	193
37	19	1	179
38	19	1	167
39	19	1	113
40	19	1	64
41	19	1	3
42	19	1	0
43	19	1	46
44	19	1	153
45	19	1	122
46	19	1	162
47	19	1	173
48	19	1	232
49	19	1	213
50	19	1	189
51	19	1	168
52	19	1	137
53	19	1	90
54	19	1	204
55	19	1	222
56	19	1	216
57	19	1	208
58	19	1	216
59	19	1	214
60	19	1	191
61	19	1	184
62	19	1	168
63	19	1	149
64	19	1	164
1	20	1	167
2	20	1	153
3	20	1	122
4	20	1	97
5	20	1	60
6	20	1	2
7	20	1	52
8	20	1	97
9	20	1	131
10	20	1	163
11	20	1	214
12	20	1	226
13	20	1	192
14	20	1	163
15	20	1	115
16	20	1	27
17	20	1	4
18	20	1	30
19	20	1	102
20	20	1	141
21	20	1	115
22	20	1	36
23	20	1	32
24	20	1	179
25	20	1	0
26	20	1	26
27	20	1	116
28	20	1	58
29	20	1	67
30	20	1	124
31	20	1	172
32	20	1	145
33	20	1	155
34	20	1	183
35	20	1	164
36	20	1	226
37	20	1	158
38	20	1	156
39	20	1	134
40	20	1	78
41	20	1	19
42	20	1	52
43	20	1	40
44	20	1	84
45	20	1	26
46	20	1	122
47	20	1	156
48	20	1	103
49	20	1	227
50	20	1	201
51	20	1	234
52	20	1	213
53	20	1	214
54	20	1	212
55	20	1	227
56	20	1	219
57	20	1	210
58	20	1	201
59	20	1	203
60	20	1	178
61	20	1	139
62	20	1	158
63	20	1	135
64	20	1	51
1	21	1	175
2	21	1	154
3	21	1	131
4	21	1	102
5	21	1	66
6	21	1	4
7	21	1	46
8	21	1	83
9	21	1	107
10	21	1	161
11	21	1	199
12	21	1	195
13	21	1	186
14	21	1	159
15	21	1	104
16	21	1	47
17	21	1	17
18	21	1	17
19	21	1	61
20	21	1	121
21	21	1	119
22	21	1	69
23	21	1	19
24	21	1	184
25	21	1	55
26	21	1	48
27	21	1	106
28	21	1	94
29	21	1	114
30	21	1	135
31	21	1	135
32	21	1	124
33	21	1	180
34	21	1	138
35	21	1	90
36	21	1	222
37	21	1	140
38	21	1	127
39	21	1	137
40	21	1	1
41	21	1	18
42	21	1	42
43	21	1	33
44	21	1	18
45	21	1	43
46	21	1	94
47	21	1	112
48	21	1	151
49	21	1	225
50	21	1	212
51	21	1	239
52	21	1	196
53	21	1	214
54	21	1	226
55	21	1	201
56	21	1	216
57	21	1	214
58	21	1	191
59	21	1	189
60	21	1	178
61	21	1	117
62	21	1	136
63	21	1	126
64	21	1	26
1	22	1	193
2	22	1	168
3	22	1	139
4	22	1	99
5	22	1	56
6	22	1	0
7	22	1	36
8	22	1	62
9	22	1	72
10	22	1	145
11	22	1	163
12	22	1	173
13	22	1	162
14	22	1	144
15	22	1	89
16	22	1	49
17	22	1	29
18	22	1	14
19	22	1	103
20	22	1	143
21	22	1	161
22	22	1	196
23	22	1	198
24	22	1	180
25	22	1	4
26	22	1	27
27	22	1	76
28	22	1	79
29	22	1	114
30	22	1	151
31	22	1	179
32	22	1	199
33	22	1	214
34	22	1	219
35	22	1	221
36	22	1	215
37	22	1	204
38	22	1	164
39	22	1	134
40	22	1	70
41	22	1	19
42	22	1	25
43	22	1	42
44	22	1	28
45	22	1	29
46	22	1	84
47	22	1	145
48	22	1	166
49	22	1	201
50	22	1	217
51	22	1	232
52	22	1	210
53	22	1	221
54	22	1	222
55	22	1	191
56	22	1	201
57	22	1	203
58	22	1	178
59	22	1	162
60	22	1	112
61	22	1	73
62	22	1	73
63	22	1	34
64	22	1	9
1	23	1	188
2	23	1	161
3	23	1	126
4	23	1	95
5	23	1	46
6	23	1	10
7	23	1	14
8	23	1	3
9	23	1	16
10	23	1	126
11	23	1	140
12	23	1	126
13	23	1	113
14	23	1	100
15	23	1	70
16	23	1	43
17	23	1	36
18	23	1	21
19	23	1	97
20	23	1	149
21	23	1	151
22	23	1	188
23	23	1	174
24	23	1	162
25	23	1	21
26	23	1	12
27	23	1	59
28	23	1	29
29	23	1	114
30	23	1	154
31	23	1	192
32	23	1	213
33	23	1	230
34	23	1	250
35	23	1	208
36	23	1	203
37	23	1	178
38	23	1	165
39	23	1	129
40	23	1	19
41	23	1	15
42	23	1	9
43	23	1	51
44	23	1	34
45	23	1	49
46	23	1	58
47	23	1	141
48	23	1	168
49	23	1	179
50	23	1	203
51	23	1	207
52	23	1	204
53	23	1	201
54	23	1	203
55	23	1	178
56	23	1	201
57	23	1	189
58	23	1	178
59	23	1	114
60	23	1	63
61	23	1	23
62	23	1	23
63	23	1	13
64	23	1	15
1	24	1	177
2	24	1	149
3	24	1	103
4	24	1	77
5	24	1	43
6	24	1	11
7	24	1	21
8	24	1	13
9	24	1	42
10	24	1	87
11	24	1	104
12	24	1	76
13	24	1	76
14	24	1	67
15	24	1	44
16	24	1	23
17	24	1	16
18	24	1	16
19	24	1	83
20	24	1	107
21	24	1	126
22	24	1	156
23	24	1	125
24	24	1	113
25	24	1	37
26	24	1	0
27	24	1	23
28	24	1	36
29	24	1	105
30	24	1	162
31	24	1	182
32	24	1	217
33	24	1	234
34	24	1	236
35	24	1	200
36	24	1	194
37	24	1	174
38	24	1	146
39	24	1	105
40	24	1	15
41	24	1	3
42	24	1	2
43	24	1	29
44	24	1	28
45	24	1	35
46	24	1	94
47	24	1	141
48	24	1	169
49	24	1	188
50	24	1	186
51	24	1	182
52	24	1	194
53	24	1	201
54	24	1	189
55	24	1	178
56	24	1	185
57	24	1	161
58	24	1	141
59	24	1	42
60	24	1	27
61	24	1	29
62	24	1	29
63	24	1	38
64	24	1	54
1	25	1	202
2	25	1	194
3	25	1	180
4	25	1	119
5	25	1	89
6	25	1	15
7	25	1	16
8	25	1	26
9	25	1	46
10	25	1	55
11	25	1	33
12	25	1	12
13	25	1	0
14	25	1	0
15	25	1	0
16	25	1	11
17	25	1	16
18	25	1	12
19	25	1	11
20	25	1	77
21	25	1	43
22	25	1	100
23	25	1	100
24	25	1	109
25	25	1	89
26	25	1	44
27	25	1	23
28	25	1	16
29	25	1	128
30	25	1	177
31	25	1	174
32	25	1	171
33	25	1	193
34	25	1	208
35	25	1	195
36	25	1	179
37	25	1	142
38	25	1	85
39	25	1	48
40	25	1	3
41	25	1	8
42	25	1	3
43	25	1	16
44	25	1	55
45	25	1	85
46	25	1	126
47	25	1	161
48	25	1	181
49	25	1	179
50	25	1	215
51	25	1	204
52	25	1	188
53	25	1	185
54	25	1	161
55	25	1	141
56	25	1	172
57	25	1	145
58	25	1	125
59	25	1	77
60	25	1	67
61	25	1	47
62	25	1	9
63	25	1	0
64	25	1	13
1	26	1	199
2	26	1	194
3	26	1	183
4	26	1	128
5	26	1	101
6	26	1	45
7	26	1	24
8	26	1	2
9	26	1	40
10	26	1	82
11	26	1	114
12	26	1	142
13	26	1	31
14	26	1	28
15	26	1	38
16	26	1	53
17	26	1	45
18	26	1	16
19	26	1	27
20	26	1	27
21	26	1	64
22	26	1	69
23	26	1	77
24	26	1	80
25	26	1	102
26	26	1	0
27	26	1	11
28	26	1	16
29	26	1	111
30	26	1	153
31	26	1	163
32	26	1	160
33	26	1	168
34	26	1	173
35	26	1	163
36	26	1	135
37	26	1	93
38	26	1	49
39	26	1	18
40	26	1	0
41	26	1	2
42	26	1	7
43	26	1	30
44	26	1	67
45	26	1	94
46	26	1	129
47	26	1	144
48	26	1	169
49	26	1	178
50	26	1	203
51	26	1	188
52	26	1	157
53	26	1	162
54	26	1	132
55	26	1	89
56	26	1	135
57	26	1	124
58	26	1	98
59	26	1	17
60	26	1	30
61	26	1	19
62	26	1	40
63	26	1	8
64	26	1	24
1	27	1	195
2	27	1	185
3	27	1	185
4	27	1	120
5	27	1	101
6	27	1	66
7	27	1	36
8	27	1	7
9	27	1	24
10	27	1	47
11	27	1	77
12	27	1	99
13	27	1	77
14	27	1	83
15	27	1	96
16	27	1	104
17	27	1	93
18	27	1	62
19	27	1	59
20	27	1	1
21	27	1	4
22	27	1	67
23	27	1	53
24	27	1	40
25	27	1	136
26	27	1	38
27	27	1	53
28	27	1	45
29	27	1	89
30	27	1	114
31	27	1	128
32	27	1	140
33	27	1	126
34	27	1	116
35	27	1	106
36	27	1	75
37	27	1	44
38	27	1	29
39	27	1	9
40	27	1	14
41	27	1	2
42	27	1	9
43	27	1	41
44	27	1	68
45	27	1	104
46	27	1	140
47	27	1	127
48	27	1	139
49	27	1	142
50	27	1	194
51	27	1	162
52	27	1	112
53	27	1	113
54	27	1	100
55	27	1	70
56	27	1	44
57	27	1	77
58	27	1	51
59	27	1	17
60	27	1	0
61	27	1	3
62	27	1	71
63	27	1	13
64	27	1	17
1	28	1	160
2	28	1	150
3	28	1	146
4	28	1	105
5	28	1	105
6	28	1	72
7	28	1	49
8	28	1	25
9	28	1	0
10	28	1	20
11	28	1	41
12	28	1	57
13	28	1	53
14	28	1	68
15	28	1	72
16	28	1	97
17	28	1	71
18	28	1	78
19	28	1	90
20	28	1	31
21	28	1	0
22	28	1	27
23	28	1	181
24	28	1	180
25	28	1	169
26	28	1	147
27	28	1	108
28	28	1	62
29	28	1	7
30	28	1	26
31	28	1	112
32	28	1	76
33	28	1	53
34	28	1	43
35	28	1	43
36	28	1	10
37	28	1	0
38	28	1	5
39	28	1	14
40	28	1	31
41	28	1	29
42	28	1	4
43	28	1	6
44	28	1	59
45	28	1	85
46	28	1	126
47	28	1	110
48	28	1	113
49	28	1	107
50	28	1	100
51	28	1	77
52	28	1	67
53	28	1	76
54	28	1	67
55	28	1	44
56	28	1	7
57	28	1	0
58	28	1	22
59	28	1	71
60	28	1	78
61	28	1	90
62	28	1	87
63	28	1	12
64	28	1	3
1	29	1	133
2	29	1	123
3	29	1	96
4	29	1	73
5	29	1	69
6	29	1	61
7	29	1	45
8	29	1	24
9	29	1	12
10	29	1	17
11	29	1	24
12	29	1	23
13	29	1	57
14	29	1	81
15	29	1	94
16	29	1	110
17	29	1	115
18	29	1	135
19	29	1	123
20	29	1	95
21	29	1	63
22	29	1	11
23	29	1	183
24	29	1	176
25	29	1	178
26	29	1	201
27	29	1	204
28	29	1	111
29	29	1	25
30	29	1	7
31	29	1	65
32	29	1	136
33	29	1	166
34	29	1	0
35	29	1	209
36	29	1	205
37	29	1	47
38	29	1	156
39	29	1	104
40	29	1	65
41	29	1	14
42	29	1	18
43	29	1	7
44	29	1	173
45	29	1	90
46	29	1	126
47	29	1	126
48	29	1	174
49	29	1	95
50	29	1	73
51	29	1	50
52	29	1	30
53	29	1	13
54	29	1	20
55	29	1	6
56	29	1	18
57	29	1	33
58	29	1	74
59	29	1	116
60	29	1	139
61	29	1	123
62	29	1	107
63	29	1	45
64	29	1	0
1	30	1	95
2	30	1	88
3	30	1	71
4	30	1	48
5	30	1	38
6	30	1	30
7	30	1	50
8	30	1	41
9	30	1	39
10	30	1	11
11	30	1	8
12	30	1	0
13	30	1	28
14	30	1	58
15	30	1	83
16	30	1	127
17	30	1	166
18	30	1	157
19	30	1	145
20	30	1	130
21	30	1	92
22	30	1	4
23	30	1	197
24	30	1	191
25	30	1	199
26	30	1	209
27	30	1	206
28	30	1	140
29	30	1	80
30	30	1	27
31	30	1	50
32	30	1	126
33	30	1	163
34	30	1	64
35	30	1	195
36	30	1	189
37	30	1	99
38	30	1	136
39	30	1	86
40	30	1	90
41	30	1	20
42	30	1	28
43	30	1	0
44	30	1	198
45	30	1	88
46	30	1	121
47	30	1	72
48	30	1	70
49	30	1	55
50	30	1	44
51	30	1	13
52	30	1	0
53	30	1	26
54	30	1	4
55	30	1	23
56	30	1	63
57	30	1	38
58	30	1	141
59	30	1	154
60	30	1	183
61	30	1	145
62	30	1	139
63	30	1	64
64	30	1	3
1	31	1	137
2	31	1	110
3	31	1	79
4	31	1	31
5	31	1	1
6	31	1	4
7	31	1	24
8	31	1	21
9	31	1	23
10	31	1	31
11	31	1	30
12	31	1	23
13	31	1	46
14	31	1	78
15	31	1	123
16	31	1	163
17	31	1	181
18	31	1	181
19	31	1	172
20	31	1	147
21	31	1	108
22	31	1	212
23	31	1	204
24	31	1	201
25	31	1	222
26	31	1	216
27	31	1	208
28	31	1	163
29	31	1	123
30	31	1	66
31	31	1	18
32	31	1	88
33	31	1	141
34	31	1	163
35	31	1	173
36	31	1	172
37	31	1	152
38	31	1	95
39	31	1	39
40	31	1	7
41	31	1	15
42	31	1	7
43	31	1	6
44	31	1	211
45	31	1	55
46	31	1	33
47	31	1	12
48	31	1	16
49	31	1	10
50	31	1	3
51	31	1	16
52	31	1	12
53	31	1	23
54	31	1	19
55	31	1	57
56	31	1	104
57	31	1	29
58	31	1	151
59	31	1	185
60	31	1	213
61	31	1	142
62	31	1	113
63	31	1	68
64	31	1	42
1	32	1	90
2	32	1	64
3	32	1	30
4	32	1	14
5	32	1	29
6	32	1	53
7	32	1	98
8	32	1	108
9	32	1	106
10	32	1	70
11	32	1	33
12	32	1	4
13	32	1	39
14	32	1	83
15	32	1	123
16	32	1	173
17	32	1	208
18	32	1	212
19	32	1	194
20	32	1	169
21	32	1	135
22	32	1	226
23	32	1	214
24	32	1	204
25	32	1	227
26	32	1	219
27	32	1	210
28	32	1	171
29	32	1	130
30	32	1	84
31	32	1	7
32	32	1	46
33	32	1	116
34	32	1	121
35	32	1	139
36	32	1	128
37	32	1	99
38	32	1	42
39	32	1	2
40	32	1	0
41	32	1	10
42	32	1	20
43	32	1	8
44	32	1	222
45	32	1	11
46	32	1	11
47	32	1	29
48	32	1	64
49	32	1	34
50	32	1	40
51	32	1	99
52	32	1	16
53	32	1	5
54	32	1	15
55	32	1	24
56	32	1	16
57	32	1	11
58	32	1	166
59	32	1	203
60	32	1	237
61	32	1	150
62	32	1	119
63	32	1	74
64	32	1	46
1	33	1	41
2	33	1	23
3	33	1	6
4	33	1	18
5	33	1	74
6	33	1	108
7	33	1	134
8	33	1	144
9	33	1	143
10	33	1	118
11	33	1	73
12	33	1	14
13	33	1	33
14	33	1	76
15	33	1	116
16	33	1	193
17	33	1	212
18	33	1	223
19	33	1	218
20	33	1	198
21	33	1	167
22	33	1	222
23	33	1	206
24	33	1	194
25	33	1	222
26	33	1	216
27	33	1	214
28	33	1	180
29	33	1	138
30	33	1	99
31	33	1	16
32	33	1	11
33	33	1	69
34	33	1	64
35	33	1	77
36	33	1	52
37	33	1	37
38	33	1	28
39	33	1	25
40	33	1	3
41	33	1	0
42	33	1	0
43	33	1	11
44	33	1	227
45	33	1	61
46	33	1	61
47	33	1	86
48	33	1	113
49	33	1	103
50	33	1	119
51	33	1	132
52	33	1	62
53	33	1	28
54	33	1	185
55	33	1	86
56	33	1	54
57	33	1	16
58	33	1	168
59	33	1	199
60	33	1	236
61	33	1	162
62	33	1	126
63	33	1	78
64	33	1	37
1	34	1	43
2	34	1	51
3	34	1	56
4	34	1	52
5	34	1	22
6	34	1	0
7	34	1	163
8	34	1	181
9	34	1	180
10	34	1	155
11	34	1	117
12	34	1	48
13	34	1	33
14	34	1	61
15	34	1	18
16	34	1	147
17	34	1	167
18	34	1	190
19	34	1	210
20	34	1	224
21	34	1	226
22	34	1	224
23	34	1	220
24	34	1	199
25	34	1	221
26	34	1	222
27	34	1	206
28	34	1	203
29	34	1	188
30	34	1	157
31	34	1	90
32	34	1	71
33	34	1	46
34	34	1	27
35	34	1	37
36	34	1	5
37	34	1	17
38	34	1	60
39	34	1	88
40	34	1	30
41	34	1	23
42	34	1	30
43	34	1	48
44	34	1	74
45	34	1	78
46	34	1	127
47	34	1	147
48	34	1	158
49	34	1	158
50	34	1	173
51	34	1	184
52	34	1	82
53	34	1	197
54	34	1	137
55	34	1	107
56	34	1	79
57	34	1	52
58	34	1	169
59	34	1	187
60	34	1	220
61	34	1	127
62	34	1	88
63	34	1	44
64	34	1	32
1	35	1	126
2	35	1	130
3	35	1	136
4	35	1	117
5	35	1	62
6	35	1	7
7	35	1	42
8	35	1	102
9	35	1	140
10	35	1	122
11	35	1	155
12	35	1	188
13	35	1	22
14	35	1	46
15	35	1	20
16	35	1	118
17	35	1	146
18	35	1	176
19	35	1	185
20	35	1	194
21	35	1	197
22	35	1	198
23	35	1	199
24	35	1	193
25	35	1	221
26	35	1	215
27	35	1	204
28	35	1	194
29	35	1	162
30	35	1	112
31	35	1	91
32	35	1	64
33	35	1	56
34	35	1	29
35	35	1	12
36	35	1	55
37	35	1	82
38	35	1	120
39	35	1	123
40	35	1	29
41	35	1	38
42	35	1	53
43	35	1	74
44	35	1	91
45	35	1	128
46	35	1	166
47	35	1	184
48	35	1	191
49	35	1	191
50	35	1	194
51	35	1	189
52	35	1	96
53	35	1	154
54	35	1	44
55	35	1	62
56	35	1	115
57	35	1	143
58	35	1	161
59	35	1	171
60	35	1	193
61	35	1	105
62	35	1	63
63	35	1	21
64	35	1	33
1	36	1	194
2	36	1	172
3	36	1	164
4	36	1	137
5	36	1	90
6	36	1	42
7	36	1	19
8	36	1	71
9	36	1	98
10	36	1	101
11	36	1	135
12	36	1	167
13	36	1	17
14	36	1	34
15	36	1	91
16	36	1	82
17	36	1	114
18	36	1	142
19	36	1	161
20	36	1	167
21	36	1	169
22	36	1	173
23	36	1	177
24	36	1	176
25	36	1	208
26	36	1	203
27	36	1	188
28	36	1	164
29	36	1	114
30	36	1	63
31	36	1	89
32	36	1	56
33	36	1	40
34	36	1	40
35	36	1	47
36	36	1	94
37	36	1	112
38	36	1	162
39	36	1	180
40	36	1	13
41	36	1	29
42	36	1	57
43	36	1	76
44	36	1	115
45	36	1	152
46	36	1	179
47	36	1	189
48	36	1	193
49	36	1	193
50	36	1	196
51	36	1	190
52	36	1	113
53	36	1	201
54	36	1	13
55	36	1	52
56	36	1	97
57	36	1	135
58	36	1	167
59	36	1	160
60	36	1	168
61	36	1	74
62	36	1	18
63	36	1	14
64	36	1	15
1	37	1	190
2	37	1	204
3	37	1	189
4	37	1	169
5	37	1	142
6	37	1	106
7	37	1	5
8	37	1	45
9	37	1	80
10	37	1	58
11	37	1	93
12	37	1	123
13	37	1	3
14	37	1	16
15	37	1	20
16	37	1	78
17	37	1	107
18	37	1	96
19	37	1	90
20	37	1	136
21	37	1	117
22	37	1	212
23	37	1	209
24	37	1	204
25	37	1	194
26	37	1	170
27	37	1	139
28	37	1	161
29	37	1	141
30	37	1	119
31	37	1	89
32	37	1	65
33	37	1	45
34	37	1	25
35	37	1	30
36	37	1	41
37	37	1	58
38	37	1	56
39	37	1	24
40	37	1	16
41	37	1	11
42	37	1	28
43	37	1	81
44	37	1	109
45	37	1	155
46	37	1	184
47	37	1	183
48	37	1	184
49	37	1	206
50	37	1	199
51	37	1	201
52	37	1	80
53	37	1	32
54	37	1	0
55	37	1	46
56	37	1	83
57	37	1	107
58	37	1	146
59	37	1	89
60	37	1	62
61	37	1	31
62	37	1	8
63	37	1	3
64	37	1	26
1	38	1	209
2	38	1	203
3	38	1	195
4	38	1	202
5	38	1	170
6	38	1	133
7	38	1	80
8	38	1	25
9	38	1	0
10	38	1	25
11	38	1	42
12	38	1	66
13	38	1	7
14	38	1	30
15	38	1	48
16	38	1	49
17	38	1	72
18	38	1	53
19	38	1	19
20	38	1	164
21	38	1	137
22	38	1	203
23	38	1	209
24	38	1	201
25	38	1	176
26	38	1	146
27	38	1	123
28	38	1	116
29	38	1	101
30	38	1	83
31	38	1	57
32	38	1	39
33	38	1	18
34	38	1	13
35	38	1	45
36	38	1	58
37	38	1	93
38	38	1	94
39	38	1	48
40	38	1	54
41	38	1	16
42	38	1	9
43	38	1	115
44	38	1	117
45	38	1	161
46	38	1	176
47	38	1	192
48	38	1	198
49	38	1	99
50	38	1	224
51	38	1	211
52	38	1	63
53	38	1	45
54	38	1	8
55	38	1	2
56	38	1	59
57	38	1	82
58	38	1	114
59	38	1	39
60	38	1	19
61	38	1	11
62	38	1	7
63	38	1	15
64	38	1	31
1	39	1	222
2	39	1	201
3	39	1	198
4	39	1	205
5	39	1	184
6	39	1	150
7	39	1	123
8	39	1	66
9	39	1	24
10	39	1	7
11	39	1	16
12	39	1	34
13	39	1	9
14	39	1	41
15	39	1	74
16	39	1	11
17	39	1	21
18	39	1	6
19	39	1	9
20	39	1	179
21	39	1	156
22	39	1	178
23	39	1	177
24	39	1	175
25	39	1	150
26	39	1	131
27	39	1	102
28	39	1	75
29	39	1	54
30	39	1	36
31	39	1	14
32	39	1	5
33	39	1	19
34	39	1	26
35	39	1	29
36	39	1	59
37	39	1	148
38	39	1	125
39	39	1	93
40	39	1	85
41	39	1	52
42	39	1	21
43	39	1	95
44	39	1	103
45	39	1	150
46	39	1	188
47	39	1	178
48	39	1	188
49	39	1	57
50	39	1	234
51	39	1	219
52	39	1	27
53	39	1	20
54	39	1	0
55	39	1	11
56	39	1	23
57	39	1	47
58	39	1	77
59	39	1	3
60	39	1	11
61	39	1	35
62	39	1	29
63	39	1	53
64	39	1	64
1	40	1	239
2	40	1	239
3	40	1	220
4	40	1	198
5	40	1	173
6	40	1	155
7	40	1	130
8	40	1	84
9	40	1	56
10	40	1	26
11	40	1	23
12	40	1	22
13	40	1	6
14	40	1	12
15	40	1	211
16	40	1	26
17	40	1	20
18	40	1	19
19	40	1	9
20	40	1	19
21	40	1	57
22	40	1	127
23	40	1	131
24	40	1	137
25	40	1	110
26	40	1	76
27	40	1	55
28	40	1	36
29	40	1	2
30	40	1	0
31	40	1	5
32	40	1	16
33	40	1	12
34	40	1	23
35	40	1	166
36	40	1	162
37	40	1	175
38	40	1	158
39	40	1	139
40	40	1	116
41	40	1	61
42	40	1	17
43	40	1	61
44	40	1	77
45	40	1	102
46	40	1	180
47	40	1	137
48	40	1	116
49	40	1	69
50	40	1	24
51	40	1	0
52	40	1	26
53	40	1	54
54	40	1	50
55	40	1	23
56	40	1	13
57	40	1	20
58	40	1	41
59	40	1	9
60	40	1	16
61	40	1	179
62	40	1	29
63	40	1	53
64	40	1	64
1	41	1	232
2	41	1	234
3	41	1	216
4	41	1	184
5	41	1	168
6	41	1	149
7	41	1	126
8	41	1	90
9	41	1	55
10	41	1	20
11	41	1	15
12	41	1	19
13	41	1	8
14	41	1	15
15	41	1	222
16	41	1	42
17	41	1	33
18	41	1	22
19	41	1	0
20	41	1	27
21	41	1	69
22	41	1	79
23	41	1	86
24	41	1	90
25	41	1	64
26	41	1	22
27	41	1	2
28	41	1	0
29	41	1	12
30	41	1	35
31	41	1	59
32	41	1	45
33	41	1	16
34	41	1	250
35	41	1	191
36	41	1	188
37	41	1	205
38	41	1	182
39	41	1	166
40	41	1	144
41	41	1	75
42	41	1	19
43	41	1	52
44	41	1	40
45	41	1	91
46	41	1	114
47	41	1	99
48	41	1	75
49	41	1	14
50	41	1	0
51	41	1	32
52	41	1	84
53	41	1	90
54	41	1	72
55	41	1	30
56	41	1	5
57	41	1	21
58	41	1	36
59	41	1	22
60	41	1	51
61	41	1	187
62	41	1	64
63	41	1	79
64	41	1	86
1	42	1	207
2	42	1	212
3	42	1	209
4	42	1	166
5	42	1	158
6	42	1	160
7	42	1	123
8	42	1	95
9	42	1	69
10	42	1	0
11	42	1	25
12	42	1	30
13	42	1	113
14	42	1	19
15	42	1	227
16	42	1	94
17	42	1	46
18	42	1	28
19	42	1	0
20	42	1	26
21	42	1	67
22	42	1	38
23	42	1	42
24	42	1	41
25	42	1	20
26	42	1	3
27	42	1	12
28	42	1	35
29	42	1	75
30	42	1	95
31	42	1	111
32	42	1	93
33	42	1	62
34	42	1	28
35	42	1	226
36	42	1	229
37	42	1	168
38	42	1	189
39	42	1	165
40	42	1	149
41	42	1	71
42	42	1	18
43	42	1	42
44	42	1	16
45	42	1	54
46	42	1	89
47	42	1	55
48	42	1	36
49	42	1	16
50	42	1	51
51	42	1	117
52	42	1	162
53	42	1	100
54	42	1	82
55	42	1	45
56	42	1	25
57	42	1	9
58	42	1	20
59	42	1	46
60	42	1	84
61	42	1	204
62	42	1	108
63	42	1	121
64	42	1	128
1	43	1	196
2	43	1	209
3	43	1	206
4	43	1	178
5	43	1	172
6	43	1	150
7	43	1	120
8	43	1	96
9	43	1	74
10	43	1	16
11	43	1	20
12	43	1	45
13	43	1	80
14	43	1	94
15	43	1	114
16	43	1	139
17	43	1	65
18	43	1	32
19	43	1	0
20	43	1	0
21	43	1	15
22	43	1	16
23	43	1	0
24	43	1	0
25	43	1	25
26	43	1	23
27	43	1	63
28	43	1	112
29	43	1	126
30	43	1	136
31	43	1	131
32	43	1	178
33	43	1	223
34	43	1	236
35	43	1	238
36	43	1	213
37	43	1	167
38	43	1	161
39	43	1	155
40	43	1	149
41	43	1	113
42	43	1	82
43	43	1	65
44	43	1	7
45	43	1	20
46	43	1	64
47	43	1	19
48	43	1	11
49	43	1	29
50	43	1	112
51	43	1	150
52	43	1	166
53	43	1	148
54	43	1	116
55	43	1	25
56	43	1	46
57	43	1	8
58	43	1	5
59	43	1	84
60	43	1	226
61	43	1	160
62	43	1	180
63	43	1	191
64	43	1	178
1	44	1	168
2	44	1	188
3	44	1	189
4	44	1	178
5	44	1	150
6	44	1	128
7	44	1	67
8	44	1	47
9	44	1	13
10	44	1	3
11	44	1	30
12	44	1	44
13	44	1	33
14	44	1	126
15	44	1	154
16	44	1	155
17	44	1	93
18	44	1	145
19	44	1	0
20	44	1	61
21	44	1	26
22	44	1	20
23	44	1	36
24	44	1	59
25	44	1	81
26	44	1	44
27	44	1	104
28	44	1	146
29	44	1	6
30	44	1	173
31	44	1	159
32	44	1	166
33	44	1	211
34	44	1	219
35	44	1	215
36	44	1	191
37	44	1	151
38	44	1	161
39	44	1	140
40	44	1	125
41	44	1	8
42	44	1	63
43	44	1	46
44	44	1	44
45	44	1	0
46	44	1	25
47	44	1	12
48	44	1	35
49	44	1	68
50	44	1	164
51	44	1	163
52	44	1	183
53	44	1	196
54	44	1	145
55	44	1	117
56	44	1	57
57	44	1	10
58	44	1	36
59	44	1	80
60	44	1	130
61	44	1	205
62	44	1	178
63	44	1	179
64	44	1	185
1	45	1	140
2	45	1	148
3	45	1	133
4	45	1	141
5	45	1	119
6	45	1	102
7	45	1	34
8	45	1	33
9	45	1	8
10	45	1	7
11	45	1	19
12	45	1	57
13	45	1	1
14	45	1	129
15	45	1	156
16	45	1	179
17	45	1	148
18	45	1	60
19	45	1	3
20	45	1	52
21	45	1	31
22	45	1	33
23	45	1	91
24	45	1	111
25	45	1	126
26	45	1	36
27	45	1	111
28	45	1	152
29	45	1	8
30	45	1	181
31	45	1	179
32	45	1	163
33	45	1	159
34	45	1	184
35	45	1	183
36	45	1	161
37	45	1	127
38	45	1	134
39	45	1	99
40	45	1	72
41	45	1	0
42	45	1	28
43	45	1	16
44	45	1	0
45	45	1	24
46	45	1	7
47	45	1	4
48	45	1	83
49	45	1	113
50	45	1	163
51	45	1	173
52	45	1	208
53	45	1	207
54	45	1	167
55	45	1	149
56	45	1	80
57	45	1	26
58	45	1	57
59	45	1	94
60	45	1	130
61	45	1	183
62	45	1	185
63	45	1	188
64	45	1	196
1	46	1	70
2	46	1	6
3	46	1	0
4	46	1	101
5	46	1	63
6	46	1	23
7	46	1	13
8	46	1	20
9	46	1	16
10	46	1	17
11	46	1	27
12	46	1	69
13	46	1	13
14	46	1	140
15	46	1	166
16	46	1	91
17	46	1	175
18	46	1	71
19	46	1	18
20	46	1	42
21	46	1	82
22	46	1	103
23	46	1	147
24	46	1	44
25	46	1	0
26	46	1	17
27	46	1	161
28	46	1	100
29	46	1	25
30	46	1	18
31	46	1	88
32	46	1	141
33	46	1	145
34	46	1	154
35	46	1	153
36	46	1	150
37	46	1	131
38	46	1	94
39	46	1	39
40	46	1	20
41	46	1	7
42	46	1	0
43	46	1	20
44	46	1	47
45	46	1	65
46	46	1	32
47	46	1	18
48	46	1	32
49	46	1	108
50	46	1	150
51	46	1	163
52	46	1	214
53	46	1	209
54	46	1	188
55	46	1	156
56	46	1	104
57	46	1	16
58	46	1	42
59	46	1	108
60	46	1	123
61	46	1	161
62	46	1	181
63	46	1	179
64	46	1	182
1	47	1	19
2	47	1	9
3	47	1	51
4	47	1	83
5	47	1	20
6	47	1	40
7	47	1	38
8	47	1	64
9	47	1	24
10	47	1	3
11	47	1	26
12	47	1	67
13	47	1	102
14	47	1	146
15	47	1	173
16	47	1	162
17	47	1	80
18	47	1	135
19	47	1	19
20	47	1	25
21	47	1	95
22	47	1	151
23	47	1	191
24	47	1	198
25	47	1	36
26	47	1	227
27	47	1	207
28	47	1	113
29	47	1	45
30	47	1	16
31	47	1	46
32	47	1	116
33	47	1	27
34	47	1	140
35	47	1	128
36	47	1	108
37	47	1	61
38	47	1	12
39	47	1	0
40	47	1	20
41	47	1	33
42	47	1	65
43	47	1	85
44	47	1	99
45	47	1	63
46	47	1	55
47	47	1	28
48	47	1	9
49	47	1	77
50	47	1	112
51	47	1	25
52	47	1	199
53	47	1	195
54	47	1	189
55	47	1	136
56	47	1	86
57	47	1	15
58	47	1	46
59	47	1	97
60	47	1	113
61	47	1	144
62	47	1	169
63	47	1	178
64	47	1	155
1	48	1	18
2	48	1	46
3	48	1	105
4	48	1	69
5	48	1	91
6	48	1	98
7	48	1	78
8	48	1	101
9	48	1	69
10	48	1	31
11	48	1	0
12	48	1	27
13	48	1	78
14	48	1	135
15	48	1	169
16	48	1	191
17	48	1	116
18	48	1	112
19	48	1	15
20	48	1	9
21	48	1	61
22	48	1	161
23	48	1	203
24	48	1	182
25	48	1	61
26	48	1	238
27	48	1	213
28	48	1	129
29	48	1	90
30	48	1	35
31	48	1	11
32	48	1	69
33	48	1	26
34	48	1	94
35	48	1	89
36	48	1	62
37	48	1	15
38	48	1	13
39	48	1	17
40	48	1	52
41	48	1	57
42	48	1	126
43	48	1	125
44	48	1	132
45	48	1	93
46	48	1	71
47	48	1	37
48	48	1	8
49	48	1	33
50	48	1	65
51	48	1	7
52	48	1	163
53	48	1	173
54	48	1	172
55	48	1	95
56	48	1	39
57	48	1	3
58	48	1	28
59	48	1	77
60	48	1	106
61	48	1	127
62	48	1	139
63	48	1	142
64	48	1	122
1	49	1	50
2	49	1	100
3	49	1	150
4	49	1	122
5	49	1	136
6	49	1	137
7	49	1	136
8	49	1	111
9	49	1	78
10	49	1	60
11	49	1	15
12	49	1	11
13	49	1	58
14	49	1	122
15	49	1	162
16	49	1	127
17	49	1	100
18	49	1	77
19	49	1	75
20	49	1	19
21	49	1	52
22	49	1	126
23	49	1	149
24	49	1	158
25	49	1	219
26	49	1	215
27	49	1	191
28	49	1	138
29	49	1	95
30	49	1	47
31	49	1	77
32	49	1	31
33	49	1	0
34	49	1	47
35	49	1	39
36	49	1	19
37	49	1	30
38	49	1	47
39	49	1	70
40	49	1	112
41	49	1	150
42	49	1	166
43	49	1	132
44	49	1	129
45	49	1	122
46	49	1	82
47	49	1	59
48	49	1	47
49	49	1	32
50	49	1	31
51	49	1	26
52	49	1	121
53	49	1	139
54	49	1	128
55	49	1	49
56	49	1	18
57	49	1	0
58	49	1	26
59	49	1	11
60	49	1	21
61	49	1	11
62	49	1	29
63	49	1	49
64	49	1	64
1	50	1	76
2	50	1	132
3	50	1	171
4	50	1	161
5	50	1	173
6	50	1	176
7	50	1	169
8	50	1	149
9	50	1	125
10	50	1	94
11	50	1	54
12	50	1	25
13	50	1	52
14	50	1	77
15	50	1	43
16	50	1	96
17	50	1	78
18	50	1	50
19	50	1	71
20	50	1	18
21	50	1	42
22	50	1	95
23	50	1	118
24	50	1	136
25	50	1	184
26	50	1	183
27	50	1	161
28	50	1	132
29	50	1	89
30	50	1	49
31	50	1	99
32	50	1	60
33	50	1	15
34	50	1	19
35	50	1	3
36	50	1	11
37	50	1	74
38	50	1	96
39	50	1	123
40	50	1	146
41	50	1	163
42	50	1	181
43	50	1	184
44	50	1	185
45	50	1	157
46	50	1	90
47	50	1	71
48	50	1	46
49	50	1	34
50	50	1	41
51	50	1	43
52	50	1	63
53	50	1	77
54	50	1	52
55	50	1	29
56	50	1	9
57	50	1	14
58	50	1	13
59	50	1	0
60	50	1	15
61	50	1	61
62	50	1	86
63	50	1	105
64	50	1	113
1	51	1	101
2	51	1	154
3	51	1	171
4	51	1	191
5	51	1	198
6	51	1	201
7	51	1	178
8	51	1	179
9	51	1	157
10	51	1	108
11	51	1	73
12	51	1	46
13	51	1	30
14	51	1	27
15	51	1	3
16	51	1	35
17	51	1	35
18	51	1	13
19	51	1	70
20	51	1	19
21	51	1	25
22	51	1	61
23	51	1	87
24	51	1	126
25	51	1	154
26	51	1	153
27	51	1	138
28	51	1	100
29	51	1	70
30	51	1	43
31	51	1	131
32	51	1	102
33	51	1	1
34	51	1	16
35	51	1	25
36	51	1	49
37	51	1	114
38	51	1	132
39	51	1	153
40	51	1	152
41	51	1	173
42	51	1	208
43	51	1	189
44	51	1	182
45	51	1	177
46	51	1	91
47	51	1	64
48	51	1	56
49	51	1	42
50	51	1	28
51	51	1	29
52	51	1	27
53	51	1	37
54	51	1	5
55	51	1	5
56	51	1	14
57	51	1	31
58	51	1	27
59	51	1	0
60	51	1	24
61	51	1	97
62	51	1	127
63	51	1	147
64	51	1	158
1	52	1	101
2	52	1	158
3	52	1	163
4	52	1	209
5	52	1	206
6	52	1	210
7	52	1	218
8	52	1	198
9	52	1	167
10	52	1	115
11	52	1	82
12	52	1	59
13	52	1	0
14	52	1	1
15	52	1	4
16	52	1	10
17	52	1	10
18	52	1	5
19	52	1	20
20	52	1	11
21	52	1	4
22	52	1	76
23	52	1	132
24	52	1	171
25	52	1	162
26	52	1	170
27	52	1	182
28	52	1	173
29	52	1	175
30	52	1	154
31	52	1	47
32	52	1	17
33	52	1	17
34	52	1	94
35	52	1	112
36	52	1	162
37	52	1	0
38	52	1	44
39	52	1	115
40	52	1	161
41	52	1	190
42	52	1	206
43	52	1	150
44	52	1	119
45	52	1	74
46	52	1	89
47	52	1	56
48	52	1	40
49	52	1	35
50	52	1	34
51	52	1	49
52	52	1	63
53	52	1	89
54	52	1	136
55	52	1	39
56	52	1	28
57	52	1	7
58	52	1	41
59	52	1	74
60	52	1	91
61	52	1	128
62	52	1	166
63	52	1	184
64	52	1	181
1	53	1	56
2	53	1	128
3	53	1	161
4	53	1	199
5	53	1	200
6	53	1	212
7	53	1	230
8	53	1	209
9	53	1	178
10	53	1	99
11	53	1	56
12	53	1	0
13	53	1	40
14	53	1	35
15	53	1	34
16	53	1	0
17	53	1	0
18	53	1	8
19	53	1	19
20	53	1	9
21	53	1	19
22	53	1	101
23	53	1	151
24	53	1	171
25	53	1	130
26	53	1	138
27	53	1	145
28	53	1	185
29	53	1	193
30	53	1	168
31	53	1	49
32	53	1	29
33	53	1	163
34	53	1	117
35	53	1	126
36	53	1	177
37	53	1	36
38	53	1	36
39	53	1	95
40	53	1	150
41	53	1	183
42	53	1	206
43	53	1	162
44	53	1	126
45	53	1	78
46	53	1	76
47	53	1	41
48	53	1	38
49	53	1	33
50	53	1	28
51	53	1	35
52	53	1	50
53	53	1	76
54	53	1	126
55	53	1	22
56	53	1	11
57	53	1	2
58	53	1	35
59	53	1	76
60	53	1	115
61	53	1	152
62	53	1	179
63	53	1	189
64	53	1	189
1	54	1	12
2	54	1	79
3	54	1	145
4	54	1	183
5	54	1	197
6	54	1	215
7	54	1	217
8	54	1	198
9	54	1	173
10	54	1	95
11	54	1	46
12	54	1	10
13	54	1	38
14	54	1	33
15	54	1	28
16	54	1	42
17	54	1	52
18	54	1	62
19	54	1	22
20	54	1	6
21	54	1	27
22	54	1	99
23	54	1	158
24	54	1	178
25	54	1	98
26	54	1	100
27	54	1	109
28	54	1	181
29	54	1	188
30	54	1	161
31	54	1	43
32	54	1	36
33	54	1	21
34	54	1	113
35	54	1	131
36	54	1	180
37	54	1	61
38	54	1	17
39	54	1	61
40	54	1	119
41	54	1	168
42	54	1	199
43	54	1	168
44	54	1	123
45	54	1	76
46	54	1	18
47	54	1	21
48	54	1	21
49	54	1	26
50	54	1	18
51	54	1	10
52	54	1	24
53	54	1	65
54	54	1	121
55	54	1	30
56	54	1	29
57	54	1	31
58	54	1	30
59	54	1	80
60	54	1	130
61	54	1	162
62	54	1	178
63	54	1	179
64	54	1	203
1	55	1	18
2	55	1	88
3	55	1	141
4	55	1	121
5	55	1	139
6	55	1	128
7	55	1	144
8	55	1	136
9	55	1	126
10	55	1	77
11	55	1	43
12	55	1	11
13	55	1	21
14	55	1	26
15	55	1	18
16	55	1	41
17	55	1	74
18	55	1	91
19	55	1	87
20	55	1	42
21	55	1	6
22	55	1	70
23	55	1	136
24	55	1	166
25	55	1	113
26	55	1	107
27	55	1	107
28	55	1	100
29	55	1	192
30	55	1	159
31	55	1	89
32	55	1	56
33	55	1	40
34	55	1	7
35	55	1	107
36	55	1	152
37	55	1	91
38	55	1	93
39	55	1	80
40	55	1	27
41	55	1	106
42	55	1	113
43	55	1	34
44	55	1	40
45	55	1	68
46	55	1	98
47	55	1	95
48	55	1	90
49	55	1	22
50	55	1	0
51	55	1	46
52	55	1	46
53	55	1	20
54	55	1	40
55	55	1	82
56	55	1	120
57	55	1	123
58	55	1	135
59	55	1	106
60	55	1	116
61	55	1	164
62	55	1	195
63	55	1	214
64	55	1	228
1	56	1	7
2	56	1	46
3	56	1	116
4	56	1	64
5	56	1	77
6	56	1	52
7	56	1	84
8	56	1	83
9	56	1	78
10	56	1	29
11	56	1	9
12	56	1	14
13	56	1	32
14	56	1	58
15	56	1	56
16	56	1	35
17	56	1	76
18	56	1	115
19	56	1	116
20	56	1	65
21	56	1	8
22	56	1	35
23	56	1	126
24	56	1	163
25	56	1	101
26	56	1	95
27	56	1	82
28	56	1	211
29	56	1	192
30	56	1	163
31	56	1	76
32	56	1	41
33	56	1	24
34	56	1	42
35	56	1	101
36	56	1	158
37	56	1	162
38	56	1	148
39	56	1	116
40	56	1	14
41	56	1	81
42	56	1	111
43	56	1	103
44	56	1	119
45	56	1	142
46	56	1	137
47	56	1	139
48	56	1	129
49	56	1	62
50	56	1	7
51	56	1	26
52	56	1	34
53	56	1	91
54	56	1	98
55	56	1	112
56	56	1	162
57	56	1	180
58	56	1	191
59	56	1	178
60	56	1	161
61	56	1	163
62	56	1	190
63	56	1	211
64	56	1	227
1	57	1	16
2	57	1	11
3	57	1	69
4	57	1	27
5	57	1	37
6	57	1	5
7	57	1	23
8	57	1	23
9	57	1	16
10	57	1	5
11	57	1	14
12	57	1	31
13	57	1	71
14	57	1	98
15	57	1	94
16	57	1	30
17	57	1	80
18	57	1	130
19	57	1	161
20	57	1	100
21	57	1	25
22	57	1	18
23	57	1	88
24	57	1	141
25	57	1	70
26	57	1	55
27	57	1	38
28	57	1	202
29	57	1	186
30	57	1	159
31	57	1	43
32	57	1	21
33	57	1	21
34	57	1	109
35	57	1	56
36	57	1	128
37	57	1	188
38	57	1	175
39	57	1	145
40	57	1	19
41	57	1	40
42	57	1	106
43	57	1	144
44	57	1	178
45	57	1	182
46	57	1	176
47	57	1	182
48	57	1	169
49	57	1	90
50	57	1	42
51	57	1	12
52	57	1	20
53	57	1	136
54	57	1	137
55	57	1	126
56	57	1	177
57	57	1	199
58	57	1	207
59	57	1	185
60	57	1	174
61	57	1	150
62	57	1	179
63	57	1	203
64	57	1	219
1	58	1	26
2	58	1	57
3	58	1	110
4	58	1	211
5	58	1	219
6	58	1	215
7	58	1	191
8	58	1	151
9	58	1	98
10	58	1	56
11	58	1	63
12	58	1	65
13	58	1	129
14	58	1	135
15	58	1	125
16	58	1	194
17	58	1	196
18	58	1	205
19	58	1	172
20	58	1	147
21	58	1	87
22	58	1	7
23	58	1	46
24	58	1	116
25	58	1	109
26	58	1	140
27	58	1	171
28	58	1	175
29	58	1	165
30	58	1	129
31	58	1	179
32	58	1	157
33	58	1	175
34	58	1	81
35	58	1	20
36	58	1	12
37	58	1	103
38	58	1	121
39	58	1	139
40	58	1	146
41	58	1	146
42	58	1	150
43	58	1	168
44	58	1	173
45	58	1	163
46	58	1	112
47	58	1	91
48	58	1	56
49	58	1	10
50	58	1	0
51	58	1	15
52	58	1	16
53	58	1	20
54	58	1	46
55	58	1	152
56	58	1	179
57	58	1	189
58	58	1	137
59	58	1	99
60	58	1	70
61	58	1	114
62	58	1	128
63	58	1	156
64	58	1	201
1	59	1	24
2	59	1	75
3	59	1	128
4	59	1	159
5	59	1	184
6	59	1	183
7	59	1	161
8	59	1	127
9	59	1	88
10	59	1	44
11	59	1	6
12	59	1	7
13	59	1	107
14	59	1	152
15	59	1	169
16	59	1	204
17	59	1	207
18	59	1	212
19	59	1	187
20	59	1	157
21	59	1	107
22	59	1	16
23	59	1	11
24	59	1	69
25	59	1	93
26	59	1	122
27	59	1	155
28	59	1	206
29	59	1	206
30	59	1	213
31	59	1	201
32	59	1	194
33	59	1	173
34	59	1	123
35	59	1	53
36	59	1	15
37	59	1	47
38	59	1	64
39	59	1	77
40	59	1	101
41	59	1	108
42	59	1	112
43	59	1	126
44	59	1	116
45	59	1	106
46	59	1	77
47	59	1	67
48	59	1	47
49	59	1	8
50	59	1	3
51	59	1	3
52	59	1	30
53	59	1	48
54	59	1	74
55	59	1	162
56	59	1	178
57	59	1	179
58	59	1	116
59	59	1	89
60	59	1	65
61	59	1	78
62	59	1	107
63	59	1	96
64	59	1	168
1	60	1	13
2	60	1	86
3	60	1	146
4	60	1	145
5	60	1	154
6	60	1	153
7	60	1	138
8	60	1	106
9	60	1	63
10	60	1	21
11	60	1	0
12	60	1	6
13	60	1	101
14	60	1	158
15	60	1	163
16	60	1	214
17	60	1	209
18	60	1	205
19	60	1	192
20	60	1	159
21	60	1	121
22	60	1	35
23	60	1	4
24	60	1	30
25	60	1	65
26	60	1	101
27	60	1	135
28	60	1	199
29	60	1	204
30	60	1	215
31	60	1	211
32	60	1	216
33	60	1	203
34	60	1	135
35	60	1	84
36	60	1	39
37	60	1	13
38	60	1	27
39	60	1	37
40	60	1	66
41	60	1	79
42	60	1	75
43	60	1	76
44	60	1	53
45	60	1	43
46	60	1	50
47	60	1	30
48	60	1	19
49	60	1	7
50	60	1	15
51	60	1	31
52	60	1	41
53	60	1	74
54	60	1	91
55	60	1	165
56	60	1	185
57	60	1	188
58	60	1	75
59	60	1	57
60	60	1	53
61	60	1	49
62	60	1	72
63	60	1	53
64	60	1	136
1	61	1	4
2	61	1	74
3	61	1	148
4	61	1	140
5	61	1	224
6	61	1	128
7	61	1	152
8	61	1	95
9	61	1	39
10	61	1	14
11	61	1	14
12	61	1	22
13	61	1	56
14	61	1	128
15	61	1	161
16	61	1	199
17	61	1	195
18	61	1	189
19	61	1	173
20	61	1	136
21	61	1	86
22	61	1	47
23	61	1	17
24	61	1	17
25	61	1	49
26	61	1	72
27	61	1	53
28	61	1	183
29	61	1	201
30	61	1	217
31	61	1	145
32	61	1	144
33	61	1	136
34	61	1	106
35	61	1	79
36	61	1	56
37	61	1	8
38	61	1	26
39	61	1	11
40	61	1	16
41	61	1	20
42	61	1	11
43	61	1	5
44	61	1	23
45	61	1	23
46	61	1	7
47	61	1	0
48	61	1	3
49	61	1	16
50	61	1	12
51	61	1	23
52	61	1	50
53	61	1	81
54	61	1	109
55	61	1	87
56	61	1	104
57	61	1	76
58	61	1	64
59	61	1	30
60	61	1	7
61	61	1	3
62	61	1	12
63	61	1	35
64	61	1	64
1	62	1	21
2	62	1	49
3	62	1	122
4	62	1	98
5	62	1	94
6	62	1	89
7	62	1	99
8	62	1	42
9	62	1	2
10	62	1	15
11	62	1	20
12	62	1	11
13	62	1	32
14	62	1	108
15	62	1	150
16	62	1	163
17	62	1	173
18	62	1	172
19	62	1	152
20	62	1	95
21	62	1	39
22	62	1	49
23	62	1	29
24	62	1	14
25	62	1	11
26	62	1	21
27	62	1	6
28	62	1	18
29	62	1	0
30	62	1	32
31	62	1	85
32	62	1	84
33	62	1	83
34	62	1	86
35	62	1	44
36	62	1	33
37	62	1	0
38	62	1	13
39	62	1	0
40	62	1	20
41	62	1	19
42	62	1	9
43	62	1	5
44	62	1	8
45	62	1	15
46	62	1	20
47	62	1	33
48	62	1	49
49	62	1	45
50	62	1	16
51	62	1	5
52	62	1	17
53	62	1	75
54	62	1	117
55	62	1	55
56	62	1	33
57	62	1	12
58	62	1	20
59	62	1	6
60	62	1	18
61	62	1	46
62	62	1	75
63	62	1	95
64	62	1	113
1	63	1	50
2	63	1	30
3	63	1	94
4	63	1	49
5	63	1	47
6	63	1	39
7	63	1	37
8	63	1	28
9	63	1	25
10	63	1	54
11	63	1	50
12	63	1	23
13	63	1	17
14	63	1	77
15	63	1	112
16	63	1	121
17	63	1	139
18	63	1	128
19	63	1	99
20	63	1	42
21	63	1	2
22	63	1	43
23	63	1	36
24	63	1	21
25	63	1	0
26	63	1	15
27	63	1	26
28	63	1	16
29	63	1	21
30	63	1	53
31	63	1	26
32	63	1	23
33	63	1	23
34	63	1	47
35	63	1	22
36	63	1	0
37	63	1	0
38	63	1	8
39	63	1	0
40	63	1	33
41	63	1	22
42	63	1	6
43	63	1	46
44	63	1	58
45	63	1	75
46	63	1	69
47	63	1	81
48	63	1	95
49	63	1	93
50	63	1	62
51	63	1	28
52	63	1	9
53	63	1	49
54	63	1	103
55	63	1	5
56	63	1	11
57	63	1	29
58	63	1	4
59	63	1	23
60	63	1	63
61	63	1	110
62	63	1	139
63	63	1	149
64	63	1	158
1	64	1	25
2	64	1	18
3	64	1	88
4	64	1	25
5	64	1	22
6	64	1	7
7	64	1	17
8	64	1	17
9	64	1	27
10	64	1	90
11	64	1	72
12	64	1	30
13	64	1	16
14	64	1	33
15	64	1	65
16	64	1	64
17	64	1	77
18	64	1	52
19	64	1	84
20	64	1	83
21	64	1	78
22	64	1	5
23	64	1	2
24	64	1	15
25	64	1	45
26	64	1	58
27	64	1	81
28	64	1	47
29	64	1	82
30	64	1	103
31	64	1	70
32	64	1	6
33	64	1	0
34	64	1	0
35	64	1	26
36	64	1	32
37	64	1	33
38	64	1	48
39	64	1	59
40	64	1	24
41	64	1	31
42	64	1	38
43	64	1	72
44	64	1	85
45	64	1	108
46	64	1	100
47	64	1	117
48	64	1	131
49	64	1	143
50	64	1	156
51	64	1	160
52	64	1	42
53	64	1	97
54	64	1	129
55	64	1	119
56	64	1	168
57	64	1	199
58	64	1	45
59	64	1	78
60	64	1	114
61	64	1	132
62	64	1	153
63	64	1	163
64	64	1	181
