1	1	1	15
2	1	1	45
3	1	1	36
4	1	1	45
5	1	1	70
6	1	1	93
7	1	1	129
8	1	1	151
9	1	1	168
10	1	1	187
11	1	1	204
12	1	1	207
13	1	1	205
14	1	1	203
15	1	1	195
16	1	1	180
17	1	1	152
18	1	1	137
19	1	1	118
20	1	1	90
21	1	1	62
22	1	1	34
23	1	1	18
24	1	1	14
25	1	1	58
26	1	1	93
27	1	1	109
28	1	1	128
29	1	1	162
30	1	1	179
31	1	1	182
32	1	1	189
33	1	1	184
34	1	1	189
35	1	1	155
36	1	1	124
37	1	1	106
38	1	1	64
39	1	1	30
40	1	1	16
41	1	1	16
42	1	1	41
43	1	1	71
44	1	1	106
45	1	1	154
46	1	1	191
47	1	1	202
48	1	1	197
49	1	1	194
50	1	1	158
51	1	1	60
52	1	1	2
53	1	1	58
54	1	1	132
55	1	1	140
56	1	1	129
57	1	1	126
58	1	1	132
59	1	1	106
60	1	1	67
61	1	1	39
62	1	1	6
63	1	1	0
64	1	1	6
1	2	1	3
2	2	1	21
3	2	1	47
4	2	1	72
5	2	1	100
6	2	1	126
7	2	1	145
8	2	1	162
9	2	1	182
10	2	1	203
11	2	1	219
12	2	1	223
13	2	1	221
14	2	1	219
15	2	1	211
16	2	1	197
17	2	1	173
18	2	1	154
19	2	1	136
20	2	1	116
21	2	1	90
22	2	1	60
23	2	1	36
24	2	1	18
25	2	1	30
26	2	1	67
27	2	1	96
28	2	1	117
29	2	1	140
30	2	1	155
31	2	1	163
32	2	1	171
33	2	1	151
34	2	1	150
35	2	1	119
36	2	1	90
37	2	1	65
38	2	1	39
39	2	1	33
40	2	1	31
41	2	1	35
42	2	1	60
43	2	1	92
44	2	1	138
45	2	1	182
46	2	1	201
47	2	1	204
48	2	1	208
49	2	1	202
50	2	1	176
51	2	1	101
52	2	1	26
53	2	1	33
54	2	1	92
55	2	1	124
56	2	1	124
57	2	1	121
58	2	1	100
59	2	1	65
60	2	1	34
61	2	1	19
62	2	1	8
63	2	1	5
64	2	1	16
1	3	1	25
2	3	1	12
3	3	1	43
4	3	1	69
5	3	1	93
6	3	1	132
7	3	1	147
8	3	1	169
9	3	1	196
10	3	1	220
11	3	1	238
12	3	1	243
13	3	1	242
14	3	1	240
15	3	1	232
16	3	1	217
17	3	1	195
18	3	1	167
19	3	1	150
20	3	1	134
21	3	1	103
22	3	1	73
23	3	1	43
24	3	1	16
25	3	1	0
26	3	1	34
27	3	1	73
28	3	1	99
29	3	1	113
30	3	1	127
31	3	1	138
32	3	1	146
33	3	1	143
34	3	1	126
35	3	1	96
36	3	1	67
37	3	1	27
38	3	1	3
39	3	1	2
40	3	1	0
41	3	1	34
42	3	1	65
43	3	1	107
44	3	1	158
45	3	1	198
46	3	1	205
47	3	1	208
48	3	1	219
49	3	1	200
50	3	1	182
51	3	1	131
52	3	1	49
53	3	1	7
54	3	1	48
55	3	1	97
56	3	1	104
57	3	1	96
58	3	1	54
59	3	1	23
60	3	1	14
61	3	1	18
62	3	1	31
63	3	1	37
64	3	1	34
1	4	1	43
2	4	1	5
3	4	1	14
4	4	1	48
5	4	1	77
6	4	1	125
7	4	1	158
8	4	1	174
9	4	1	200
10	4	1	224
11	4	1	242
12	4	1	247
13	4	1	246
14	4	1	245
15	4	1	237
16	4	1	223
17	4	1	206
18	4	1	173
19	4	1	158
20	4	1	142
21	4	1	106
22	4	1	78
23	4	1	52
24	4	1	25
25	4	1	0
26	4	1	17
27	4	1	51
28	4	1	79
29	4	1	91
30	4	1	103
31	4	1	111
32	4	1	105
33	4	1	98
34	4	1	59
35	4	1	28
36	4	1	16
37	4	1	0
38	4	1	8
39	4	1	31
40	4	1	16
41	4	1	15
42	4	1	62
43	4	1	119
44	4	1	170
45	4	1	204
46	4	1	214
47	4	1	224
48	4	1	235
49	4	1	201
50	4	1	188
51	4	1	147
52	4	1	70
53	4	1	15
54	4	1	36
55	4	1	74
56	4	1	76
57	4	1	52
58	4	1	14
59	4	1	9
60	4	1	29
61	4	1	46
62	4	1	66
63	4	1	74
64	4	1	54
1	5	1	54
2	5	1	17
3	5	1	0
4	5	1	38
5	5	1	74
6	5	1	117
7	5	1	161
8	5	1	167
9	5	1	197
10	5	1	221
11	5	1	240
12	5	1	245
13	5	1	243
14	5	1	242
15	5	1	234
16	5	1	219
17	5	1	199
18	5	1	172
19	5	1	162
20	5	1	143
21	5	1	101
22	5	1	72
23	5	1	54
24	5	1	31
25	5	1	10
26	5	1	14
27	5	1	33
28	5	1	57
29	5	1	67
30	5	1	72
31	5	1	66
32	5	1	40
33	5	1	10
34	5	1	0
35	5	1	7
36	5	1	38
37	5	1	40
38	5	1	54
39	5	1	57
40	5	1	20
41	5	1	0
42	5	1	53
43	5	1	125
44	5	1	174
45	5	1	198
46	5	1	217
47	5	1	231
48	5	1	230
49	5	1	204
50	5	1	189
51	5	1	150
52	5	1	83
53	5	1	33
54	5	1	32
55	5	1	40
56	5	1	38
57	5	1	21
58	5	1	7
59	5	1	31
60	5	1	67
61	5	1	84
62	5	1	99
63	5	1	96
64	5	1	69
1	6	1	87
2	6	1	51
3	6	1	2
4	6	1	10
5	6	1	45
6	6	1	89
7	6	1	147
8	6	1	165
9	6	1	190
10	6	1	211
11	6	1	227
12	6	1	232
13	6	1	231
14	6	1	227
15	6	1	222
16	6	1	207
17	6	1	186
18	6	1	168
19	6	1	156
20	6	1	137
21	6	1	99
22	6	1	70
23	6	1	51
24	6	1	35
25	6	1	11
26	6	1	7
27	6	1	14
28	6	1	30
29	6	1	31
30	6	1	28
31	6	1	18
32	6	1	0
33	6	1	32
34	6	1	36
35	6	1	66
36	6	1	93
37	6	1	91
38	6	1	93
39	6	1	80
40	6	1	44
41	6	1	0
42	6	1	44
43	6	1	115
44	6	1	172
45	6	1	191
46	6	1	208
47	6	1	221
48	6	1	207
49	6	1	201
50	6	1	182
51	6	1	141
52	6	1	86
53	6	1	42
54	6	1	20
55	6	1	11
56	6	1	12
57	6	1	20
58	6	1	32
59	6	1	66
60	6	1	99
61	6	1	116
62	6	1	122
63	6	1	111
64	6	1	90
1	7	1	113
2	7	1	86
3	7	1	23
4	7	1	0
5	7	1	12
6	7	1	60
7	7	1	115
8	7	1	159
9	7	1	169
10	7	1	185
11	7	1	198
12	7	1	201
13	7	1	199
14	7	1	198
15	7	1	191
16	7	1	180
17	7	1	170
18	7	1	155
19	7	1	137
20	7	1	116
21	7	1	89
22	7	1	65
23	7	1	45
24	7	1	34
25	7	1	6
26	7	1	6
27	7	1	8
28	7	1	9
29	7	1	3
30	7	1	4
31	7	1	16
32	7	1	21
33	7	1	53
34	7	1	91
35	7	1	139
36	7	1	166
37	7	1	162
38	7	1	148
39	7	1	116
40	7	1	80
41	7	1	36
42	7	1	36
43	7	1	95
44	7	1	170
45	7	1	189
46	7	1	198
47	7	1	210
48	7	1	197
49	7	1	197
50	7	1	168
51	7	1	128
52	7	1	84
53	7	1	46
54	7	1	20
55	7	1	15
56	7	1	19
57	7	1	33
58	7	1	64
59	7	1	96
60	7	1	121
61	7	1	142
62	7	1	147
63	7	1	131
64	7	1	124
1	8	1	132
2	8	1	119
3	8	1	70
4	8	1	9
5	8	1	13
6	8	1	44
7	8	1	68
8	8	1	118
9	8	1	150
10	8	1	162
11	8	1	170
12	8	1	171
13	8	1	170
14	8	1	170
15	8	1	164
16	8	1	157
17	8	1	144
18	8	1	126
19	8	1	99
20	8	1	75
21	8	1	57
22	8	1	39
23	8	1	18
24	8	1	9
25	8	1	7
26	8	1	15
27	8	1	16
28	8	1	7
29	8	1	0
30	8	1	9
31	8	1	47
32	8	1	82
33	8	1	103
34	8	1	147
35	8	1	183
36	8	1	191
37	8	1	188
38	8	1	175
39	8	1	145
40	8	1	117
41	8	1	61
42	8	1	17
43	8	1	61
44	8	1	154
45	8	1	178
46	8	1	182
47	8	1	195
48	8	1	193
49	8	1	183
50	8	1	145
51	8	1	105
52	8	1	70
53	8	1	37
54	8	1	20
55	8	1	25
56	8	1	30
57	8	1	41
58	8	1	87
59	8	1	112
60	8	1	131
61	8	1	161
62	8	1	168
63	8	1	155
64	8	1	154
1	9	1	165
2	9	1	140
3	9	1	99
4	9	1	56
5	9	1	19
6	9	1	7
7	9	1	40
8	9	1	93
9	9	1	104
10	9	1	130
11	9	1	138
12	9	1	145
13	9	1	144
14	9	1	139
15	9	1	147
16	9	1	135
17	9	1	104
18	9	1	76
19	9	1	55
20	9	1	36
21	9	1	14
22	9	1	5
23	9	1	19
24	9	1	33
25	9	1	40
26	9	1	44
27	9	1	18
28	9	1	8
29	9	1	0
30	9	1	33
31	9	1	59
32	9	1	119
33	9	1	151
34	9	1	185
35	9	1	213
36	9	1	226
37	9	1	229
38	9	1	205
39	9	1	167
40	9	1	149
41	9	1	75
42	9	1	19
43	9	1	52
44	9	1	126
45	9	1	149
46	9	1	158
47	9	1	169
48	9	1	172
49	9	1	145
50	9	1	125
51	9	1	89
52	9	1	57
53	9	1	32
54	9	1	12
55	9	1	20
56	9	1	45
57	9	1	58
58	9	1	81
59	9	1	124
60	9	1	154
61	9	1	166
62	9	1	184
63	9	1	188
64	9	1	169
1	10	1	185
2	10	1	167
3	10	1	132
4	10	1	89
5	10	1	46
6	10	1	14
7	10	1	21
8	10	1	48
9	10	1	84
10	10	1	98
11	10	1	100
12	10	1	109
13	10	1	109
14	10	1	99
15	10	1	91
16	10	1	68
17	10	1	48
18	10	1	22
19	10	1	2
20	10	1	0
21	10	1	5
22	10	1	25
23	10	1	50
24	10	1	62
25	10	1	59
26	10	1	57
27	10	1	24
28	10	1	15
29	10	1	7
30	10	1	54
31	10	1	84
32	10	1	145
33	10	1	166
34	10	1	203
35	10	1	237
36	10	1	251
37	10	1	243
38	10	1	218
39	10	1	179
40	10	1	149
41	10	1	71
42	10	1	18
43	10	1	42
44	10	1	95
45	10	1	118
46	10	1	136
47	10	1	141
48	10	1	135
49	10	1	124
50	10	1	98
51	10	1	55
52	10	1	27
53	10	1	13
54	10	1	1
55	10	1	9
56	10	1	29
57	10	1	59
58	10	1	85
59	10	1	126
60	10	1	164
61	10	1	182
62	10	1	186
63	10	1	190
64	10	1	189
1	11	1	200
2	11	1	190
3	11	1	167
4	11	1	128
5	11	1	81
6	11	1	34
7	11	1	10
8	11	1	8
9	11	1	36
10	11	1	50
11	11	1	62
12	11	1	77
13	11	1	80
14	11	1	68
15	11	1	52
16	11	1	32
17	11	1	0
18	11	1	3
19	11	1	12
20	11	1	35
21	11	1	59
22	11	1	81
23	11	1	90
24	11	1	89
25	11	1	94
26	11	1	84
27	11	1	45
28	11	1	23
29	11	1	11
30	11	1	62
31	11	1	89
32	11	1	141
33	11	1	168
34	11	1	199
35	11	1	236
36	11	1	250
37	11	1	232
38	11	1	212
39	11	1	178
40	11	1	136
41	11	1	70
42	11	1	19
43	11	1	25
44	11	1	61
45	11	1	87
46	11	1	113
47	11	1	105
48	11	1	86
49	11	1	77
50	11	1	51
51	11	1	19
52	11	1	8
53	11	1	10
54	11	1	5
55	11	1	8
56	11	1	19
57	11	1	60
58	11	1	90
59	11	1	126
60	11	1	167
61	11	1	198
62	11	1	196
63	11	1	195
64	11	1	210
1	12	1	197
2	12	1	194
3	12	1	183
4	12	1	155
5	12	1	115
6	12	1	66
7	12	1	28
8	12	1	5
9	12	1	21
10	12	1	36
11	12	1	51
12	12	1	53
13	12	1	40
14	12	1	18
15	12	1	5
16	12	1	0
17	12	1	19
18	12	1	46
19	12	1	75
20	12	1	95
21	12	1	111
22	12	1	126
23	12	1	129
24	12	1	125
25	12	1	115
26	12	1	102
27	12	1	62
28	12	1	33
29	12	1	9
30	12	1	64
31	12	1	95
32	12	1	141
33	12	1	169
34	12	1	187
35	12	1	220
36	12	1	236
37	12	1	219
38	12	1	205
39	12	1	174
40	12	1	120
41	12	1	68
42	12	1	15
43	12	1	9
44	12	1	40
45	12	1	66
46	12	1	80
47	12	1	60
48	12	1	40
49	12	1	22
50	12	1	14
51	12	1	10
52	12	1	25
53	12	1	34
54	12	1	29
55	12	1	18
56	12	1	15
57	12	1	47
58	12	1	88
59	12	1	121
60	12	1	156
61	12	1	197
62	12	1	204
63	12	1	201
64	12	1	215
1	13	1	194
2	13	1	192
3	13	1	186
4	13	1	167
5	13	1	134
6	13	1	94
7	13	1	54
8	13	1	25
9	13	1	9
10	13	1	20
11	13	1	30
12	13	1	25
13	13	1	8
14	13	1	0
15	13	1	7
16	13	1	23
17	13	1	73
18	13	1	110
19	13	1	139
20	13	1	149
21	13	1	150
22	13	1	157
23	13	1	160
24	13	1	159
25	13	1	136
26	13	1	122
27	13	1	82
28	13	1	45
29	13	1	7
30	13	1	62
31	13	1	103
32	13	1	143
33	13	1	161
34	13	1	171
35	13	1	193
36	13	1	208
37	13	1	195
38	13	1	179
39	13	1	142
40	13	1	85
41	13	1	48
42	13	1	3
43	13	1	2
44	13	1	30
45	13	1	44
46	13	1	33
47	13	1	14
48	13	1	13
49	13	1	6
50	13	1	16
51	13	1	37
52	13	1	61
53	13	1	68
54	13	1	55
55	13	1	32
56	13	1	13
57	13	1	18
58	13	1	74
59	13	1	117
60	13	1	147
61	13	1	189
62	13	1	210
63	13	1	212
64	13	1	218
1	14	1	203
2	14	1	197
3	14	1	191
4	14	1	176
5	14	1	145
6	14	1	108
7	14	1	73
8	14	1	46
9	14	1	8
10	14	1	5
11	14	1	9
12	14	1	7
13	14	1	7
14	14	1	26
15	14	1	51
16	14	1	84
17	14	1	112
18	14	1	151
19	14	1	181
20	14	1	190
21	14	1	191
22	14	1	191
23	14	1	183
24	14	1	176
25	14	1	158
26	14	1	134
27	14	1	91
28	14	1	49
29	14	1	0
30	14	1	52
31	14	1	97
32	14	1	131
33	14	1	151
34	14	1	160
35	14	1	168
36	14	1	173
37	14	1	163
38	14	1	135
39	14	1	93
40	14	1	49
41	14	1	18
42	14	1	0
43	14	1	6
44	14	1	21
45	14	1	17
46	14	1	1
47	14	1	0
48	14	1	18
49	14	1	37
50	14	1	54
51	14	1	79
52	14	1	96
53	14	1	95
54	14	1	81
55	14	1	55
56	14	1	27
57	14	1	0
58	14	1	50
59	14	1	102
60	14	1	141
61	14	1	176
62	14	1	204
63	14	1	219
64	14	1	222
1	15	1	212
2	15	1	202
3	15	1	194
4	15	1	180
5	15	1	150
6	15	1	115
7	15	1	82
8	15	1	59
9	15	1	47
10	15	1	32
11	15	1	31
12	15	1	26
13	15	1	31
14	15	1	51
15	15	1	72
16	15	1	105
17	15	1	141
18	15	1	172
19	15	1	194
20	15	1	198
21	15	1	202
22	15	1	204
23	15	1	197
24	15	1	191
25	15	1	166
26	15	1	131
27	15	1	89
28	15	1	48
29	15	1	0
30	15	1	46
31	15	1	83
32	15	1	107
33	15	1	126
34	15	1	140
35	15	1	126
36	15	1	116
37	15	1	106
38	15	1	75
39	15	1	44
40	15	1	29
41	15	1	9
42	15	1	14
43	15	1	21
44	15	1	12
45	15	1	7
46	15	1	13
47	15	1	30
48	15	1	54
49	15	1	82
50	15	1	92
51	15	1	114
52	15	1	118
53	15	1	116
54	15	1	114
55	15	1	95
56	15	1	63
57	15	1	15
58	15	1	21
59	15	1	61
60	15	1	121
61	15	1	157
62	15	1	185
63	15	1	209
64	15	1	215
1	16	1	209
2	16	1	199
3	16	1	194
4	16	1	183
5	16	1	152
6	16	1	119
7	16	1	90
8	16	1	71
9	16	1	46
10	16	1	34
11	16	1	41
12	16	1	43
13	16	1	55
14	16	1	78
15	16	1	100
16	16	1	133
17	16	1	165
18	16	1	194
19	16	1	214
20	16	1	213
21	16	1	214
22	16	1	212
23	16	1	204
24	16	1	201
25	16	1	191
26	16	1	148
27	16	1	99
28	16	1	56
29	16	1	0
30	16	1	36
31	16	1	62
32	16	1	72
33	16	1	87
34	16	1	104
35	16	1	76
36	16	1	53
37	16	1	43
38	16	1	10
39	16	1	0
40	16	1	5
41	16	1	14
42	16	1	31
43	16	1	29
44	16	1	4
45	16	1	6
46	16	1	42
47	16	1	71
48	16	1	91
49	16	1	109
50	16	1	121
51	16	1	140
52	16	1	142
53	16	1	145
54	16	1	150
55	16	1	130
56	16	1	92
57	16	1	38
58	16	1	0
59	16	1	27
60	16	1	106
61	16	1	148
62	16	1	170
63	16	1	194
64	16	1	198
1	17	1	196
2	17	1	195
3	17	1	185
4	17	1	185
5	17	1	156
6	17	1	113
7	17	1	91
8	17	1	64
9	17	1	56
10	17	1	42
11	17	1	28
12	17	1	29
13	17	1	43
14	17	1	78
15	17	1	129
16	17	1	167
17	17	1	178
18	17	1	213
19	17	1	211
20	17	1	196
21	17	1	214
22	17	1	226
23	17	1	214
24	17	1	204
25	17	1	190
26	17	1	145
27	17	1	95
28	17	1	46
29	17	1	10
30	17	1	17
31	17	1	51
32	17	1	65
33	17	1	55
34	17	1	33
35	17	1	12
36	17	1	0
37	17	1	0
38	17	1	20
39	17	1	47
40	17	1	56
41	17	1	63
42	17	1	65
43	17	1	32
44	17	1	18
45	17	1	7
46	17	1	46
47	17	1	65
48	17	1	109
49	17	1	142
50	17	1	151
51	17	1	165
52	17	1	175
53	17	1	178
54	17	1	172
55	17	1	147
56	17	1	108
57	17	1	62
58	17	1	8
59	17	1	14
60	17	1	81
61	17	1	133
62	17	1	162
63	17	1	175
64	17	1	179
1	18	1	187
2	18	1	193
3	18	1	182
4	18	1	171
5	18	1	143
6	18	1	111
7	18	1	89
8	18	1	56
9	18	1	40
10	18	1	35
11	18	1	34
12	18	1	49
13	18	1	63
14	18	1	89
15	18	1	136
16	18	1	181
17	18	1	209
18	18	1	220
19	18	1	215
20	18	1	210
21	18	1	221
22	18	1	222
23	18	1	206
24	18	1	194
25	18	1	164
26	18	1	121
27	18	1	77
28	18	1	43
29	18	1	11
30	18	1	9
31	18	1	29
32	18	1	34
33	18	1	5
34	18	1	11
35	18	1	29
36	18	1	49
37	18	1	64
38	18	1	85
39	18	1	99
40	18	1	100
41	18	1	93
42	18	1	90
43	18	1	56
44	18	1	28
45	18	1	0
46	18	1	46
47	18	1	78
48	18	1	123
49	18	1	146
50	18	1	164
51	18	1	190
52	18	1	206
53	18	1	204
54	18	1	194
55	18	1	169
56	18	1	135
57	18	1	111
58	18	1	53
59	18	1	19
60	18	1	40
61	18	1	92
62	18	1	138
63	18	1	163
64	18	1	176
1	19	1	173
2	19	1	180
3	19	1	171
4	19	1	156
5	19	1	133
6	19	1	106
7	19	1	76
8	19	1	41
9	19	1	38
10	19	1	33
11	19	1	28
12	19	1	35
13	19	1	50
14	19	1	76
15	19	1	126
16	19	1	176
17	19	1	209
18	19	1	206
19	19	1	210
20	19	1	219
21	19	1	221
22	19	1	215
23	19	1	204
24	19	1	188
25	19	1	139
26	19	1	91
27	19	1	51
28	19	1	30
29	19	1	8
30	19	1	3
31	19	1	16
32	19	1	20
33	19	1	46
34	19	1	61
35	19	1	86
36	19	1	105
37	19	1	113
38	19	1	125
39	19	1	132
40	19	1	129
41	19	1	122
42	19	1	107
43	19	1	71
44	19	1	37
45	19	1	0
46	19	1	39
47	19	1	83
48	19	1	123
49	19	1	151
50	19	1	172
51	19	1	203
52	19	1	224
53	19	1	228
54	19	1	218
55	19	1	198
56	19	1	167
57	19	1	140
58	19	1	91
59	19	1	32
60	19	1	11
61	19	1	52
62	19	1	104
63	19	1	137
64	19	1	155
1	20	1	143
2	20	1	147
3	20	1	147
4	20	1	140
5	20	1	114
6	20	1	77
7	20	1	43
8	20	1	21
9	20	1	21
10	20	1	26
11	20	1	18
12	20	1	10
13	20	1	24
14	20	1	65
15	20	1	121
16	20	1	171
17	20	1	199
18	20	1	200
19	20	1	212
20	20	1	217
21	20	1	208
22	20	1	203
23	20	1	188
24	20	1	157
25	20	1	117
26	20	1	67
27	20	1	26
28	20	1	11
29	20	1	2
30	20	1	7
31	20	1	30
32	20	1	48
33	20	1	74
34	20	1	97
35	20	1	127
36	20	1	147
37	20	1	158
38	20	1	173
39	20	1	184
40	20	1	185
41	20	1	157
42	20	1	127
43	20	1	89
44	20	1	56
45	20	1	0
46	20	1	33
47	20	1	76
48	20	1	116
49	20	1	160
50	20	1	177
51	20	1	201
52	20	1	226
53	20	1	239
54	20	1	230
55	20	1	209
56	20	1	178
57	20	1	148
58	20	1	115
59	20	1	63
60	20	1	21
61	20	1	30
62	20	1	68
63	20	1	106
64	20	1	130
1	21	1	101
2	21	1	101
3	21	1	114
4	21	1	112
5	21	1	75
6	21	1	27
7	21	1	3
8	21	1	14
9	21	1	32
10	21	1	58
11	21	1	56
12	21	1	24
13	21	1	18
14	21	1	52
15	21	1	102
16	21	1	140
17	21	1	183
18	21	1	197
19	21	1	215
20	21	1	212
21	21	1	200
22	21	1	194
23	21	1	162
24	21	1	112
25	21	1	73
26	21	1	34
27	21	1	9
28	21	1	5
29	21	1	2
30	21	1	9
31	21	1	41
32	21	1	74
33	21	1	91
34	21	1	128
35	21	1	166
36	21	1	184
37	21	1	191
38	21	1	194
39	21	1	189
40	21	1	182
41	21	1	177
42	21	1	142
43	21	1	105
44	21	1	74
45	21	1	3
46	21	1	15
47	21	1	54
48	21	1	106
49	21	1	147
50	21	1	167
51	21	1	190
52	21	1	213
53	21	1	226
54	21	1	217
55	21	1	198
56	21	1	173
57	21	1	155
58	21	1	124
59	21	1	83
60	21	1	31
61	21	1	0
62	21	1	15
63	21	1	66
64	21	1	104
1	22	1	60
2	22	1	65
3	22	1	81
4	22	1	69
5	22	1	31
6	22	1	1
7	22	1	4
8	22	1	47
9	22	1	71
10	22	1	98
11	22	1	94
12	22	1	48
13	22	1	17
14	22	1	30
15	22	1	81
16	22	1	131
17	22	1	166
18	22	1	190
19	22	1	204
20	22	1	195
21	22	1	183
22	22	1	164
23	22	1	114
24	22	1	63
25	22	1	23
26	22	1	13
27	22	1	15
28	22	1	20
29	22	1	11
30	22	1	7
31	22	1	35
32	22	1	76
33	22	1	115
34	22	1	152
35	22	1	179
36	22	1	189
37	22	1	193
38	22	1	196
39	22	1	190
40	22	1	183
41	22	1	183
42	22	1	156
43	22	1	119
44	22	1	89
45	22	1	15
46	22	1	4
47	22	1	27
48	22	1	88
49	22	1	118
50	22	1	146
51	22	1	176
52	22	1	194
53	22	1	201
54	22	1	194
55	22	1	184
56	22	1	168
57	22	1	149
58	22	1	126
59	22	1	100
60	22	1	56
61	22	1	6
62	22	1	0
63	22	1	27
64	22	1	64
1	23	1	36
2	23	1	43
3	23	1	53
4	23	1	29
5	23	1	14
6	23	1	29
7	23	1	53
8	23	1	96
9	23	1	129
10	23	1	135
11	23	1	125
12	23	1	93
13	23	1	44
14	23	1	11
15	23	1	42
16	23	1	102
17	23	1	140
18	23	1	168
19	23	1	175
20	23	1	161
21	23	1	138
22	23	1	90
23	23	1	42
24	23	1	27
25	23	1	29
26	23	1	38
27	23	1	54
28	23	1	50
29	23	1	23
30	23	1	3
31	23	1	30
32	23	1	80
33	23	1	130
34	23	1	162
35	23	1	178
36	23	1	179
37	23	1	188
38	23	1	200
39	23	1	202
40	23	1	200
41	23	1	186
42	23	1	172
43	23	1	128
44	23	1	101
45	23	1	45
46	23	1	21
47	23	1	12
48	23	1	59
49	23	1	82
50	23	1	114
51	23	1	142
52	23	1	159
53	23	1	168
54	23	1	169
55	23	1	166
56	23	1	158
57	23	1	135
58	23	1	121
59	23	1	99
60	23	1	71
61	23	1	33
62	23	1	4
63	23	1	10
64	23	1	38
1	24	1	28
2	24	1	37
3	24	1	35
4	24	1	6
5	24	1	18
6	24	1	74
7	24	1	108
8	24	1	138
9	24	1	156
10	24	1	155
11	24	1	158
12	24	1	160
13	24	1	108
14	24	1	28
15	24	1	19
16	24	1	71
17	24	1	98
18	24	1	130
19	24	1	137
20	24	1	120
21	24	1	89
22	24	1	24
23	24	1	0
24	24	1	26
25	24	1	63
26	24	1	78
27	24	1	90
28	24	1	72
29	24	1	30
30	24	1	5
31	24	1	37
32	24	1	94
33	24	1	130
34	24	1	165
35	24	1	185
36	24	1	188
37	24	1	196
38	24	1	199
39	24	1	192
40	24	1	182
41	24	1	175
42	24	1	167
43	24	1	120
44	24	1	101
45	24	1	66
46	24	1	37
47	24	1	0
48	24	1	23
49	24	1	47
50	24	1	77
51	24	1	99
52	24	1	117
53	24	1	136
54	24	1	145
55	24	1	144
56	24	1	136
57	24	1	126
58	24	1	108
59	24	1	69
60	24	1	40
61	24	1	27
62	24	1	5
63	24	1	5
64	24	1	34
1	25	1	51
2	25	1	31
3	25	1	21
4	25	1	29
5	25	1	52
6	25	1	89
7	25	1	127
8	25	1	167
9	25	1	194
10	25	1	196
11	25	1	205
12	25	1	175
13	25	1	126
14	25	1	57
15	25	1	5
16	25	1	45
17	25	1	80
18	25	1	104
19	25	1	116
20	25	1	70
21	25	1	6
22	25	1	0
23	25	1	32
24	25	1	84
25	25	1	108
26	25	1	118
27	25	1	100
28	25	1	82
29	25	1	45
30	25	1	7
31	25	1	42
32	25	1	97
33	25	1	129
34	25	1	161
35	25	1	181
36	25	1	179
37	25	1	180
38	25	1	184
39	25	1	186
40	25	1	187
41	25	1	170
42	25	1	145
43	25	1	117
44	25	1	100
45	25	1	80
46	25	1	51
47	25	1	26
48	25	1	13
49	25	1	20
50	25	1	41
51	25	1	57
52	25	1	66
53	25	1	78
54	25	1	85
55	25	1	84
56	25	1	83
57	25	1	78
58	25	1	67
59	25	1	44
60	25	1	25
61	25	1	8
62	25	1	7
63	25	1	31
64	25	1	40
1	26	1	77
2	26	1	62
3	26	1	38
4	26	1	22
5	26	1	44
6	26	1	107
7	26	1	152
8	26	1	169
9	26	1	204
10	26	1	207
11	26	1	212
12	26	1	186
13	26	1	144
14	26	1	80
15	26	1	13
16	26	1	20
17	26	1	47
18	26	1	54
19	26	1	47
20	26	1	19
21	26	1	9
22	26	1	51
23	26	1	117
24	26	1	162
25	26	1	148
26	26	1	152
27	26	1	129
28	26	1	105
29	26	1	64
30	26	1	19
31	26	1	46
32	26	1	97
33	26	1	113
34	26	1	144
35	26	1	169
36	26	1	178
37	26	1	182
38	26	1	176
39	26	1	160
40	26	1	150
41	26	1	146
42	26	1	126
43	26	1	105
44	26	1	90
45	26	1	72
46	26	1	45
47	26	1	24
48	26	1	12
49	26	1	17
50	26	1	24
51	26	1	23
52	26	1	20
53	26	1	25
54	26	1	26
55	26	1	23
56	26	1	23
57	26	1	16
58	26	1	10
59	26	1	3
60	26	1	15
61	26	1	27
62	26	1	42
63	26	1	61
64	26	1	59
1	27	1	109
2	27	1	97
3	27	1	58
4	27	1	10
5	27	1	20
6	27	1	101
7	27	1	158
8	27	1	163
9	27	1	214
10	27	1	209
11	27	1	205
12	27	1	188
13	27	1	156
14	27	1	104
15	27	1	37
16	27	1	8
17	27	1	45
18	27	1	37
19	27	1	21
20	27	1	18
21	27	1	46
22	27	1	105
23	27	1	152
24	27	1	163
25	27	1	175
26	27	1	170
27	27	1	142
28	27	1	113
29	27	1	68
30	27	1	14
31	27	1	28
32	27	1	77
33	27	1	106
34	27	1	127
35	27	1	139
36	27	1	142
37	27	1	147
38	27	1	147
39	27	1	133
40	27	1	123
41	27	1	96
42	27	1	84
43	27	1	73
44	27	1	69
45	27	1	61
46	27	1	50
47	27	1	41
48	27	1	39
49	27	1	11
50	27	1	8
51	27	1	0
52	27	1	0
53	27	1	2
54	27	1	5
55	27	1	8
56	27	1	15
57	27	1	30
58	27	1	34
59	27	1	40
60	27	1	68
61	27	1	93
62	27	1	109
63	27	1	120
64	27	1	111
1	28	1	148
2	28	1	132
3	28	1	91
4	28	1	27
5	28	1	0
6	28	1	56
7	28	1	128
8	28	1	161
9	28	1	199
10	28	1	195
11	28	1	189
12	28	1	173
13	28	1	136
14	28	1	86
15	28	1	35
16	28	1	0
17	28	1	22
18	28	1	15
19	28	1	15
20	28	1	50
21	28	1	100
22	28	1	150
23	28	1	181
24	28	1	176
25	28	1	187
26	28	1	179
27	28	1	150
28	28	1	119
29	28	1	74
30	28	1	16
31	28	1	17
32	28	1	62
33	28	1	94
34	28	1	110
35	28	1	113
36	28	1	107
37	28	1	107
38	28	1	105
39	28	1	95
40	28	1	88
41	28	1	71
42	28	1	62
43	28	1	48
44	28	1	38
45	28	1	30
46	28	1	24
47	28	1	21
48	28	1	23
49	28	1	31
50	28	1	30
51	28	1	23
52	28	1	30
53	28	1	41
54	28	1	46
55	28	1	58
56	28	1	75
57	28	1	86
58	28	1	103
59	28	1	119
60	28	1	142
61	28	1	156
62	28	1	162
63	28	1	170
64	28	1	164
1	29	1	185
2	29	1	167
3	29	1	138
4	29	1	78
5	29	1	13
6	29	1	12
7	29	1	79
8	29	1	145
9	29	1	163
10	29	1	173
11	29	1	172
12	29	1	152
13	29	1	95
14	29	1	39
15	29	1	20
16	29	1	7
17	29	1	9
18	29	1	0
19	29	1	13
20	29	1	76
21	29	1	132
22	29	1	171
23	29	1	214
24	29	1	227
25	29	1	209
26	29	1	194
27	29	1	162
28	29	1	126
29	29	1	78
30	29	1	22
31	29	1	9
32	29	1	46
33	29	1	64
34	29	1	89
35	29	1	101
36	29	1	95
37	29	1	82
38	29	1	62
39	29	1	37
40	29	1	24
41	29	1	10
42	29	1	10
43	29	1	5
44	29	1	0
45	29	1	0
46	29	1	0
47	29	1	0
48	29	1	0
49	29	1	24
50	29	1	29
51	29	1	38
52	29	1	53
53	29	1	68
54	29	1	72
55	29	1	85
56	29	1	108
57	29	1	119
58	29	1	144
59	29	1	163
60	29	1	177
61	29	1	185
62	29	1	190
63	29	1	202
64	29	1	201
1	30	1	203
2	30	1	189
3	30	1	172
4	30	1	129
5	30	1	52
6	30	1	0
7	30	1	32
8	30	1	103
9	30	1	121
10	30	1	139
11	30	1	128
12	30	1	99
13	30	1	42
14	30	1	2
15	30	1	20
16	30	1	33
17	30	1	19
18	30	1	8
19	30	1	24
20	30	1	101
21	30	1	151
22	30	1	171
23	30	1	215
24	30	1	234
25	30	1	227
26	30	1	207
27	30	1	168
28	30	1	123
29	30	1	76
30	30	1	22
31	30	1	0
32	30	1	26
33	30	1	46
34	30	1	67
35	30	1	70
36	30	1	55
37	30	1	38
38	30	1	20
39	30	1	2
40	30	1	0
41	30	1	0
42	30	1	0
43	30	1	8
44	30	1	15
45	30	1	23
46	30	1	30
47	30	1	30
48	30	1	28
49	30	1	5
50	30	1	13
51	30	1	29
52	30	1	57
53	30	1	81
54	30	1	94
55	30	1	112
56	30	1	138
57	30	1	155
58	30	1	179
59	30	1	190
60	30	1	199
61	30	1	206
62	30	1	209
63	30	1	215
64	30	1	211
1	31	1	203
2	31	1	195
3	31	1	178
4	31	1	149
5	31	1	94
6	31	1	27
7	31	1	14
8	31	1	47
9	31	1	64
10	31	1	77
11	31	1	52
12	31	1	37
13	31	1	28
14	31	1	25
15	31	1	52
16	31	1	57
17	31	1	34
18	31	1	13
19	31	1	17
20	31	1	99
21	31	1	158
22	31	1	178
23	31	1	223
24	31	1	236
25	31	1	238
26	31	1	213
27	31	1	167
28	31	1	115
29	31	1	73
30	31	1	27
31	31	1	0
32	31	1	21
33	31	1	43
34	31	1	47
35	31	1	34
36	31	1	14
37	31	1	13
38	31	1	19
39	31	1	23
40	31	1	28
41	31	1	42
42	31	1	52
43	31	1	62
44	31	1	63
45	31	1	62
46	31	1	61
47	31	1	50
48	31	1	40
49	31	1	24
50	31	1	16
51	31	1	11
52	31	1	28
53	31	1	58
54	31	1	83
55	31	1	109
56	31	1	140
57	31	1	171
58	31	1	198
59	31	1	207
60	31	1	212
61	31	1	220
62	31	1	222
63	31	1	220
64	31	1	211
1	32	1	201
2	32	1	198
3	32	1	172
4	32	1	145
5	32	1	118
6	32	1	61
7	32	1	17
8	32	1	13
9	32	1	27
10	32	1	37
11	32	1	5
12	32	1	17
13	32	1	60
14	32	1	88
15	32	1	104
16	32	1	83
17	32	1	87
18	32	1	42
19	32	1	6
20	32	1	70
21	32	1	136
22	32	1	166
23	32	1	211
24	32	1	219
25	32	1	215
26	32	1	191
27	32	1	151
28	32	1	98
29	32	1	61
30	32	1	23
31	32	1	0
32	32	1	19
33	32	1	32
34	32	1	31
35	32	1	17
36	32	1	9
37	32	1	23
38	32	1	44
39	32	1	58
40	32	1	67
41	32	1	94
42	32	1	107
43	32	1	117
44	32	1	117
45	32	1	116
46	32	1	115
47	32	1	102
48	32	1	89
49	32	1	86
50	32	1	54
51	32	1	16
52	32	1	9
53	32	1	36
54	32	1	63
55	32	1	93
56	32	1	122
57	32	1	155
58	32	1	188
59	32	1	200
60	32	1	210
61	32	1	223
62	32	1	230
63	32	1	233
64	32	1	227
1	33	1	189
2	33	1	192
3	33	1	163
4	33	1	129
5	33	1	95
6	33	1	61
7	33	1	40
8	33	1	22
9	33	1	29
10	33	1	12
11	33	1	55
12	33	1	82
13	33	1	120
14	33	1	123
15	33	1	135
16	33	1	132
17	33	1	116
18	33	1	65
19	33	1	8
20	33	1	35
21	33	1	126
22	33	1	163
23	33	1	159
24	33	1	184
25	33	1	183
26	33	1	161
27	33	1	127
28	33	1	88
29	33	1	44
30	33	1	6
31	33	1	7
32	33	1	27
33	33	1	27
34	33	1	12
35	33	1	13
36	33	1	29
37	33	1	39
38	33	1	60
39	33	1	94
40	33	1	114
41	33	1	139
42	33	1	147
43	33	1	155
44	33	1	158
45	33	1	158
46	33	1	159
47	33	1	151
48	33	1	142
49	33	1	107
50	33	1	79
51	33	1	52
52	33	1	21
53	33	1	10
54	33	1	30
55	33	1	65
56	33	1	101
57	33	1	135
58	33	1	167
59	33	1	190
60	33	1	194
61	33	1	201
62	33	1	207
63	33	1	208
64	33	1	209
1	34	1	183
2	34	1	159
3	34	1	118
4	34	1	87
5	34	1	55
6	34	1	30
7	34	1	33
8	34	1	34
9	34	1	40
10	34	1	47
11	34	1	94
12	34	1	112
13	34	1	162
14	34	1	180
15	34	1	191
16	34	1	178
17	34	1	161
18	34	1	100
19	34	1	25
20	34	1	18
21	34	1	88
22	34	1	141
23	34	1	145
24	34	1	154
25	34	1	153
26	34	1	138
27	34	1	105
28	34	1	63
29	34	1	21
30	34	1	0
31	34	1	6
32	34	1	23
33	34	1	18
34	34	1	3
35	34	1	9
36	34	1	36
37	34	1	55
38	34	1	85
39	34	1	126
40	34	1	154
41	34	1	155
42	34	1	168
43	34	1	180
44	34	1	184
45	34	1	184
46	34	1	182
47	34	1	173
48	34	1	158
49	34	1	139
50	34	1	116
51	34	1	98
52	34	1	66
53	34	1	34
54	34	1	22
55	34	1	30
56	34	1	58
57	34	1	93
58	34	1	123
59	34	1	149
60	34	1	168
61	34	1	187
62	34	1	198
63	34	1	197
64	34	1	194
1	35	1	126
2	35	1	88
3	35	1	48
4	35	1	35
5	35	1	14
6	35	1	0
7	35	1	6
8	35	1	1
9	35	1	25
10	35	1	62
11	35	1	117
12	35	1	126
13	35	1	177
14	35	1	199
15	35	1	207
16	35	1	185
17	35	1	174
18	35	1	113
19	35	1	45
20	35	1	7
21	35	1	46
22	35	1	116
23	35	1	140
24	35	1	140
25	35	1	128
26	35	1	108
27	35	1	74
28	35	1	35
29	35	1	14
30	35	1	14
31	35	1	22
32	35	1	30
33	35	1	36
34	35	1	16
35	35	1	17
36	35	1	44
37	35	1	67
38	35	1	94
39	35	1	129
40	35	1	156
41	35	1	179
42	35	1	199
43	35	1	214
44	35	1	218
45	35	1	217
46	35	1	211
47	35	1	200
48	35	1	182
49	35	1	166
50	35	1	144
51	35	1	135
52	35	1	105
53	35	1	61
54	35	1	23
55	35	1	3
56	35	1	13
57	35	1	53
58	35	1	83
59	35	1	111
60	35	1	130
61	35	1	147
62	35	1	145
63	35	1	128
64	35	1	117
1	36	1	25
2	36	1	16
3	36	1	20
4	36	1	43
5	36	1	51
6	36	1	56
7	36	1	52
8	36	1	22
9	36	1	0
10	36	1	46
11	36	1	113
12	36	1	131
13	36	1	180
14	36	1	192
15	36	1	205
16	36	1	196
17	36	1	179
18	36	1	129
19	36	1	75
20	36	1	16
21	36	1	11
22	36	1	69
23	36	1	98
24	36	1	94
25	36	1	89
26	36	1	62
27	36	1	31
28	36	1	16
29	36	1	29
30	36	1	48
31	36	1	54
32	36	1	52
33	36	1	38
34	36	1	10
35	36	1	5
36	36	1	36
37	36	1	68
38	36	1	104
39	36	1	140
40	36	1	166
41	36	1	191
42	36	1	213
43	36	1	230
44	36	1	233
45	36	1	231
46	36	1	224
47	36	1	211
48	36	1	189
49	36	1	165
50	36	1	149
51	36	1	144
52	36	1	120
53	36	1	87
54	36	1	52
55	36	1	19
56	36	1	10
57	36	1	24
58	36	1	53
59	36	1	76
60	36	1	88
61	36	1	90
62	36	1	75
63	36	1	53
64	36	1	43
1	37	1	41
2	37	1	69
3	37	1	104
4	37	1	126
5	37	1	130
6	37	1	136
7	37	1	117
8	37	1	62
9	37	1	7
10	37	1	26
11	37	1	93
12	37	1	136
13	37	1	183
14	37	1	182
15	37	1	200
16	37	1	206
17	37	1	184
18	37	1	139
19	37	1	95
20	37	1	35
21	37	1	4
22	37	1	30
23	37	1	49
24	37	1	47
25	37	1	39
26	37	1	19
27	37	1	11
28	37	1	29
29	37	1	61
30	37	1	81
31	37	1	81
32	37	1	78
33	37	1	64
34	37	1	24
35	37	1	0
36	37	1	21
37	37	1	57
38	37	1	102
39	37	1	146
40	37	1	173
41	37	1	196
42	37	1	217
43	37	1	234
44	37	1	238
45	37	1	234
46	37	1	227
47	37	1	214
48	37	1	191
49	37	1	157
50	37	1	148
51	37	1	146
52	37	1	118
53	37	1	92
54	37	1	71
55	37	1	38
56	37	1	18
57	37	1	3
58	37	1	23
59	37	1	35
60	37	1	32
61	37	1	19
62	37	1	1
63	37	1	0
64	37	1	3
1	38	1	117
2	38	1	162
3	38	1	197
4	38	1	194
5	38	1	172
6	38	1	164
7	38	1	137
8	38	1	90
9	38	1	42
10	38	1	12
11	38	1	65
12	38	1	128
13	38	1	177
14	38	1	174
15	38	1	196
16	38	1	198
17	38	1	180
18	38	1	138
19	38	1	95
20	38	1	47
21	38	1	17
22	38	1	17
23	38	1	16
24	38	1	19
25	38	1	3
26	38	1	11
27	38	1	35
28	38	1	68
29	38	1	98
30	38	1	108
31	38	1	106
32	38	1	102
33	38	1	101
34	38	1	54
35	38	1	14
36	38	1	10
37	38	1	30
38	38	1	78
39	38	1	135
40	38	1	169
41	38	1	192
42	38	1	210
43	38	1	224
44	38	1	226
45	38	1	224
46	38	1	220
47	38	1	209
48	38	1	188
49	38	1	161
50	38	1	155
51	38	1	149
52	38	1	113
53	38	1	82
54	38	1	65
55	38	1	36
56	38	1	19
57	38	1	0
58	38	1	4
59	38	1	8
60	38	1	7
61	38	1	9
62	38	1	16
63	38	1	41
64	38	1	73
1	39	1	139
2	39	1	177
3	39	1	209
4	39	1	213
5	39	1	195
6	39	1	179
7	39	1	156
8	39	1	130
9	39	1	72
10	39	1	6
11	39	1	50
12	39	1	111
13	39	1	153
14	39	1	163
15	39	1	188
16	39	1	174
17	39	1	162
18	39	1	132
19	39	1	89
20	39	1	49
21	39	1	29
22	39	1	14
23	39	1	3
24	39	1	16
25	39	1	25
26	39	1	49
27	39	1	83
28	39	1	113
29	39	1	134
30	39	1	144
31	39	1	143
32	39	1	136
33	39	1	111
34	39	1	78
35	39	1	38
36	39	1	13
37	39	1	12
38	39	1	58
39	39	1	122
40	39	1	162
41	39	1	173
42	39	1	185
43	39	1	194
44	39	1	197
45	39	1	198
46	39	1	199
47	39	1	193
48	39	1	176
49	39	1	161
50	39	1	140
51	39	1	125
52	39	1	90
53	39	1	63
54	39	1	46
55	39	1	25
56	39	1	17
57	39	1	8
58	39	1	4
59	39	1	0
60	39	1	2
61	39	1	22
62	39	1	51
63	39	1	92
64	39	1	134
1	40	1	175
2	40	1	196
3	40	1	219
4	40	1	231
5	40	1	219
6	40	1	187
7	40	1	153
8	40	1	137
9	40	1	92
10	40	1	10
11	40	1	44
12	40	1	89
13	40	1	114
14	40	1	128
15	40	1	156
16	40	1	125
17	40	1	113
18	40	1	100
19	40	1	70
20	40	1	43
21	40	1	36
22	40	1	21
23	40	1	13
24	40	1	42
25	40	1	66
26	40	1	94
27	40	1	125
28	40	1	144
29	40	1	163
30	40	1	181
31	40	1	180
32	40	1	169
33	40	1	149
34	40	1	125
35	40	1	85
36	40	1	37
37	40	1	5
38	40	1	29
39	40	1	85
40	40	1	122
41	40	1	156
42	40	1	161
43	40	1	167
44	40	1	169
45	40	1	173
46	40	1	177
47	40	1	176
48	40	1	164
49	40	1	134
50	40	1	99
51	40	1	72
52	40	1	45
53	40	1	28
54	40	1	16
55	40	1	1
56	40	1	1
57	40	1	24
58	40	1	8
59	40	1	0
60	40	1	11
61	40	1	46
62	40	1	84
63	40	1	125
64	40	1	163
1	41	1	200
2	41	1	222
3	41	1	253
4	41	1	251
5	41	1	226
6	41	1	204
7	41	1	164
8	41	1	134
9	41	1	93
10	41	1	42
11	41	1	13
12	41	1	62
13	41	1	78
14	41	1	107
15	41	1	96
16	41	1	92
17	41	1	76
18	41	1	67
19	41	1	44
20	41	1	23
21	41	1	16
22	41	1	16
23	41	1	26
24	41	1	46
25	41	1	82
26	41	1	100
27	41	1	145
28	41	1	180
29	41	1	181
30	41	1	189
31	41	1	194
32	41	1	178
33	41	1	179
34	41	1	157
35	41	1	131
36	41	1	98
37	41	1	42
38	41	1	0
39	41	1	27
40	41	1	94
41	41	1	112
42	41	1	131
43	41	1	146
44	41	1	146
45	41	1	150
46	41	1	156
47	41	1	150
48	41	1	131
49	41	1	94
50	41	1	57
51	41	1	22
52	41	1	0
53	41	1	3
54	41	1	23
55	41	1	34
56	41	1	43
57	41	1	38
58	41	1	11
59	41	1	9
60	41	1	0
61	41	1	48
62	41	1	83
63	41	1	134
64	41	1	164
1	42	1	206
2	42	1	224
3	42	1	250
4	42	1	245
5	42	1	223
6	42	1	205
7	42	1	165
8	42	1	129
9	42	1	80
10	42	1	32
11	42	1	0
12	42	1	41
13	42	1	49
14	42	1	72
15	42	1	53
16	42	1	44
17	42	1	0
18	42	1	0
19	42	1	0
20	42	1	11
21	42	1	16
22	42	1	12
23	42	1	23
24	42	1	50
25	42	1	81
26	42	1	109
27	42	1	155
28	42	1	187
29	42	1	196
30	42	1	203
31	42	1	206
32	42	1	199
33	42	1	201
34	42	1	194
35	42	1	173
36	42	1	138
37	42	1	81
38	42	1	25
39	42	1	7
40	42	1	20
41	42	1	64
42	42	1	80
43	42	1	101
44	42	1	108
45	42	1	112
46	42	1	106
47	42	1	85
48	42	1	61
49	42	1	12
50	42	1	6
51	42	1	6
52	42	1	17
53	42	1	44
54	42	1	71
55	42	1	85
56	42	1	91
57	42	1	75
58	42	1	42
59	42	1	23
60	42	1	0
61	42	1	51
62	42	1	89
63	42	1	136
64	42	1	166
1	43	1	189
2	43	1	196
3	43	1	209
4	43	1	206
5	43	1	193
6	43	1	183
7	43	1	146
8	43	1	105
9	43	1	83
10	43	1	45
11	43	1	8
12	43	1	26
13	43	1	11
14	43	1	21
15	43	1	6
16	43	1	0
17	43	1	31
18	43	1	28
19	43	1	38
20	43	1	53
21	43	1	45
22	43	1	16
23	43	1	5
24	43	1	17
25	43	1	75
26	43	1	117
27	43	1	161
28	43	1	190
29	43	1	206
30	43	1	210
31	43	1	216
32	43	1	224
33	43	1	211
34	43	1	216
35	43	1	203
36	43	1	172
37	43	1	131
38	43	1	80
39	43	1	27
40	43	1	0
41	43	1	25
42	43	1	42
43	43	1	66
44	43	1	79
45	43	1	75
46	43	1	55
47	43	1	30
48	43	1	15
49	43	1	13
50	43	1	30
51	43	1	47
52	43	1	70
53	43	1	89
54	43	1	101
55	43	1	102
56	43	1	96
57	43	1	100
58	43	1	65
59	43	1	32
60	43	1	0
61	43	1	46
62	43	1	82
63	43	1	123
64	43	1	148
1	44	1	154
2	44	1	168
3	44	1	188
4	44	1	189
5	44	1	176
6	44	1	153
7	44	1	104
8	44	1	54
9	44	1	34
10	44	1	20
11	44	1	0
12	44	1	13
13	44	1	0
14	44	1	15
15	44	1	26
16	44	1	42
17	44	1	77
18	44	1	83
19	44	1	96
20	44	1	104
21	44	1	93
22	44	1	62
23	44	1	28
24	44	1	9
25	44	1	49
26	44	1	103
27	44	1	150
28	44	1	183
29	44	1	206
30	44	1	206
31	44	1	213
32	44	1	234
33	44	1	219
34	44	1	216
35	44	1	205
36	44	1	185
37	44	1	163
38	44	1	123
39	44	1	66
40	44	1	24
41	44	1	7
42	44	1	16
43	44	1	34
44	44	1	39
45	44	1	28
46	44	1	7
47	44	1	2
48	44	1	11
49	44	1	45
50	44	1	74
51	44	1	96
52	44	1	119
53	44	1	134
54	44	1	139
55	44	1	136
56	44	1	124
57	44	1	114
58	44	1	84
59	44	1	46
60	44	1	0
61	44	1	40
62	44	1	74
63	44	1	108
64	44	1	132
1	45	1	131
2	45	1	140
3	45	1	148
4	45	1	133
5	45	1	105
6	45	1	84
7	45	1	55
8	45	1	29
9	45	1	3
10	45	1	6
11	45	1	0
12	45	1	8
13	45	1	0
14	45	1	24
15	45	1	50
16	45	1	83
17	45	1	105
18	45	1	126
19	45	1	136
20	45	1	131
21	45	1	128
22	45	1	117
23	45	1	78
24	45	1	32
25	45	1	13
26	45	1	64
27	45	1	119
28	45	1	168
29	45	1	199
30	45	1	204
31	45	1	215
32	45	1	239
33	45	1	239
34	45	1	220
35	45	1	206
36	45	1	196
37	45	1	171
38	45	1	130
39	45	1	84
40	45	1	56
41	45	1	26
42	45	1	23
43	45	1	22
44	45	1	22
45	45	1	11
46	45	1	2
47	45	1	15
48	45	1	45
49	45	1	78
50	45	1	114
51	45	1	132
52	45	1	153
53	45	1	163
54	45	1	165
55	45	1	167
56	45	1	153
57	45	1	122
58	45	1	97
59	45	1	60
60	45	1	2
61	45	1	33
62	45	1	61
63	45	1	97
64	45	1	117
1	46	1	65
2	46	1	77
3	46	1	90
4	46	1	75
5	46	1	41
6	46	1	18
7	46	1	5
8	46	1	0
9	46	1	26
10	46	1	32
11	46	1	14
12	46	1	17
13	46	1	0
14	46	1	35
15	46	1	61
16	46	1	95
17	46	1	143
18	46	1	165
19	46	1	173
20	46	1	159
21	46	1	156
22	46	1	157
23	46	1	119
24	46	1	64
25	46	1	7
26	46	1	25
27	46	1	75
28	46	1	140
29	46	1	183
30	46	1	201
31	46	1	217
32	46	1	232
33	46	1	234
34	46	1	216
35	46	1	207
36	46	1	205
37	46	1	180
38	46	1	138
39	46	1	99
40	46	1	81
41	46	1	57
42	46	1	40
43	46	1	27
44	46	1	30
45	46	1	29
46	46	1	31
47	46	1	52
48	46	1	84
49	46	1	124
50	46	1	159
51	46	1	169
52	46	1	178
53	46	1	177
54	46	1	173
55	46	1	175
56	46	1	154
57	46	1	131
58	46	1	102
59	46	1	66
60	46	1	4
61	46	1	22
62	46	1	46
63	46	1	81
64	46	1	94
1	47	1	46
2	47	1	33
3	47	1	25
4	47	1	16
5	47	1	8
6	47	1	20
7	47	1	40
8	47	1	55
9	47	1	48
10	47	1	54
11	47	1	34
12	47	1	26
13	47	1	7
14	47	1	52
15	47	1	86
16	47	1	128
17	47	1	146
18	47	1	164
19	47	1	181
20	47	1	179
21	47	1	179
22	47	1	181
23	47	1	156
24	47	1	118
25	47	1	52
26	47	1	12
27	47	1	31
28	47	1	98
29	47	1	148
30	47	1	183
31	47	1	203
32	47	1	207
33	47	1	212
34	47	1	209
35	47	1	204
36	47	1	194
37	47	1	170
38	47	1	139
39	47	1	106
40	47	1	79
41	47	1	56
42	47	1	35
43	47	1	24
44	47	1	31
45	47	1	38
46	47	1	47
47	47	1	71
48	47	1	102
49	47	1	135
50	47	1	172
51	47	1	178
52	47	1	186
53	47	1	187
54	47	1	185
55	47	1	193
56	47	1	168
57	47	1	139
58	47	1	97
59	47	1	65
60	47	1	7
61	47	1	17
62	47	1	34
63	47	1	61
64	47	1	59
1	48	1	11
2	48	1	0
3	48	1	13
4	48	1	42
5	48	1	71
6	48	1	91
7	48	1	98
8	48	1	95
9	48	1	90
10	48	1	91
11	48	1	57
12	48	1	29
13	48	1	0
14	48	1	36
15	48	1	77
16	48	1	130
17	48	1	163
18	48	1	176
19	48	1	199
20	48	1	208
21	48	1	202
22	48	1	192
23	48	1	172
24	48	1	152
25	48	1	108
26	48	1	18
27	48	1	0
28	48	1	55
29	48	1	108
30	48	1	157
31	48	1	186
32	48	1	182
33	48	1	203
34	48	1	209
35	48	1	201
36	48	1	176
37	48	1	146
38	48	1	123
39	48	1	86
40	48	1	44
41	48	1	33
42	48	1	19
43	48	1	16
44	48	1	28
45	48	1	39
46	48	1	51
47	48	1	79
48	48	1	114
49	48	1	151
50	48	1	184
51	48	1	183
52	48	1	184
53	48	1	182
54	48	1	181
55	48	1	188
56	48	1	161
57	48	1	126
58	48	1	78
59	48	1	50
60	48	1	0
61	48	1	8
62	48	1	20
63	48	1	36
64	48	1	21
1	49	1	14
2	49	1	39
3	49	1	66
4	49	1	94
5	49	1	122
6	49	1	136
7	49	1	137
8	49	1	139
9	49	1	129
10	49	1	112
11	49	1	84
12	49	1	38
13	49	1	1
14	49	1	22
15	49	1	80
16	49	1	123
17	49	1	164
18	49	1	195
19	49	1	214
20	49	1	228
21	49	1	232
22	49	1	213
23	49	1	189
24	49	1	168
25	49	1	137
26	49	1	90
27	49	1	29
28	49	1	1
29	49	1	38
30	49	1	98
31	49	1	139
32	49	1	158
33	49	1	178
34	49	1	177
35	49	1	175
36	49	1	150
37	49	1	131
38	49	1	102
39	49	1	47
40	49	1	22
41	49	1	0
42	49	1	7
43	49	1	21
44	49	1	20
45	49	1	21
46	49	1	45
47	49	1	86
48	49	1	114
49	49	1	154
50	49	1	177
51	49	1	192
52	49	1	198
53	49	1	191
54	49	1	185
55	49	1	177
56	49	1	149
57	49	1	103
58	49	1	68
59	49	1	35
60	49	1	16
61	49	1	10
62	49	1	15
63	49	1	15
64	49	1	4
1	50	1	61
2	50	1	93
3	50	1	122
4	50	1	141
5	50	1	161
6	50	1	173
7	50	1	176
8	50	1	182
9	50	1	169
10	50	1	142
11	50	1	106
12	50	1	63
13	50	1	12
14	50	1	3
15	50	1	57
16	50	1	121
17	50	1	163
18	50	1	190
19	50	1	211
20	50	1	227
21	50	1	238
22	50	1	227
23	50	1	201
24	50	1	174
25	50	1	163
26	50	1	138
27	50	1	81
28	50	1	20
29	50	1	12
30	50	1	46
31	50	1	84
32	50	1	107
33	50	1	126
34	50	1	131
35	50	1	137
36	50	1	110
37	50	1	79
38	50	1	44
39	50	1	6
40	50	1	4
41	50	1	23
42	50	1	37
43	50	1	47
44	50	1	38
45	50	1	17
46	50	1	18
47	50	1	57
48	50	1	105
49	50	1	162
50	50	1	176
51	50	1	178
52	50	1	188
53	50	1	198
54	50	1	196
55	50	1	164
56	50	1	108
57	50	1	90
58	50	1	47
59	50	1	13
60	50	1	3
61	50	1	2
62	50	1	9
63	50	1	23
64	50	1	29
1	51	1	98
2	51	1	137
3	51	1	169
4	51	1	182
5	51	1	191
6	51	1	198
7	51	1	201
8	51	1	204
9	51	1	202
10	51	1	170
11	51	1	133
12	51	1	96
13	51	1	37
14	51	1	0
15	51	1	32
16	51	1	108
17	51	1	150
18	51	1	179
19	51	1	203
20	51	1	219
21	51	1	230
22	51	1	225
23	51	1	208
24	51	1	185
25	51	1	161
26	51	1	161
27	51	1	123
28	51	1	53
29	51	1	15
30	51	1	22
31	51	1	51
32	51	1	76
33	51	1	79
34	51	1	86
35	51	1	90
36	51	1	64
37	51	1	30
38	51	1	7
39	51	1	9
40	51	1	42
41	51	1	65
42	51	1	79
43	51	1	85
44	51	1	70
45	51	1	33
46	51	1	4
47	51	1	39
48	51	1	105
49	51	1	132
50	51	1	168
51	51	1	185
52	51	1	187
53	51	1	182
54	51	1	170
55	51	1	141
56	51	1	96
57	51	1	74
58	51	1	33
59	51	1	8
60	51	1	7
61	51	1	6
62	51	1	12
63	51	1	39
64	51	1	65
1	52	1	129
2	52	1	167
3	52	1	194
4	52	1	200
5	52	1	206
6	52	1	211
7	52	1	209
8	52	1	206
9	52	1	205
10	52	1	184
11	52	1	150
12	52	1	112
13	52	1	59
14	52	1	3
15	52	1	17
16	52	1	77
17	52	1	112
18	52	1	152
19	52	1	184
20	52	1	198
21	52	1	203
22	52	1	199
23	52	1	193
24	52	1	179
25	52	1	167
26	52	1	164
27	52	1	135
28	52	1	84
29	52	1	39
30	52	1	12
31	52	1	16
32	52	1	33
33	52	1	38
34	52	1	42
35	52	1	41
36	52	1	20
37	52	1	6
38	52	1	18
39	52	1	58
40	52	1	108
41	52	1	126
42	52	1	135
43	52	1	134
44	52	1	118
45	52	1	73
46	52	1	14
47	52	1	19
48	52	1	77
49	52	1	102
50	52	1	145
51	52	1	169
52	52	1	170
53	52	1	155
54	52	1	128
55	52	1	100
56	52	1	71
57	52	1	36
58	52	1	20
59	52	1	16
60	52	1	17
61	52	1	8
62	52	1	15
63	52	1	53
64	52	1	90
1	53	1	158
2	53	1	186
3	53	1	205
4	53	1	209
5	53	1	217
6	53	1	222
7	53	1	216
8	53	1	208
9	53	1	200
10	53	1	197
11	53	1	165
12	53	1	120
13	53	1	78
14	53	1	29
15	53	1	16
16	53	1	33
17	53	1	65
18	53	1	105
19	53	1	141
20	53	1	158
21	53	1	167
22	53	1	168
23	53	1	165
24	53	1	158
25	53	1	156
26	53	1	135
27	53	1	112
28	53	1	91
29	53	1	56
30	53	1	10
31	53	1	0
32	53	1	15
33	53	1	16
34	53	1	20
35	53	1	11
36	53	1	4
37	53	1	23
38	53	1	63
39	53	1	112
40	53	1	150
41	53	1	166
42	53	1	167
43	53	1	161
44	53	1	155
45	53	1	117
46	53	1	48
47	53	1	18
48	53	1	40
49	53	1	91
50	53	1	114
51	53	1	121
52	53	1	128
53	53	1	122
54	53	1	85
55	53	1	45
56	53	1	17
57	53	1	17
58	53	1	27
59	53	1	40
60	53	1	31
61	53	1	11
62	53	1	19
63	53	1	65
64	53	1	105
1	54	1	168
2	54	1	190
3	54	1	205
4	54	1	209
5	54	1	220
6	54	1	227
7	54	1	219
8	54	1	210
9	54	1	201
10	54	1	204
11	54	1	175
12	54	1	126
13	54	1	90
14	54	1	55
15	54	1	24
16	54	1	2
17	54	1	40
18	54	1	71
19	54	1	100
20	54	1	124
21	54	1	142
22	54	1	148
23	54	1	147
24	54	1	140
25	54	1	127
26	54	1	100
27	54	1	77
28	54	1	67
29	54	1	47
30	54	1	8
31	54	1	3
32	54	1	26
33	54	1	20
34	54	1	19
35	54	1	9
36	54	1	19
37	54	1	57
38	54	1	104
39	54	1	146
40	54	1	163
41	54	1	181
42	54	1	181
43	54	1	175
44	54	1	172
45	54	1	147
46	54	1	87
47	54	1	34
48	54	1	16
49	54	1	54
50	54	1	89
51	54	1	103
52	54	1	95
53	54	1	66
54	54	1	19
55	54	1	6
56	54	1	17
57	54	1	39
58	54	1	59
59	54	1	71
60	54	1	44
61	54	1	11
62	54	1	23
63	54	1	75
64	54	1	119
1	55	1	170
2	55	1	191
3	55	1	204
4	55	1	209
5	55	1	218
6	55	1	222
7	55	1	216
8	55	1	214
9	55	1	191
10	55	1	193
11	55	1	165
12	55	1	123
13	55	1	95
14	55	1	69
15	55	1	36
16	55	1	7
17	55	1	24
18	55	1	48
19	55	1	64
20	55	1	84
21	55	1	99
22	55	1	103
23	55	1	105
24	55	1	103
25	55	1	96
26	55	1	78
27	55	1	50
28	55	1	30
29	55	1	19
30	55	1	7
31	55	1	15
32	55	1	31
33	55	1	33
34	55	1	22
35	55	1	6
36	55	1	27
37	55	1	69
38	55	1	111
39	55	1	152
40	55	1	173
41	55	1	208
42	55	1	212
43	55	1	202
44	55	1	187
45	55	1	157
46	55	1	107
47	55	1	43
48	55	1	0
49	55	1	14
50	55	1	65
51	55	1	77
52	55	1	55
53	55	1	18
54	55	1	0
55	55	1	22
56	55	1	71
57	55	1	78
58	55	1	90
59	55	1	87
60	55	1	51
61	55	1	12
62	55	1	20
63	55	1	72
64	55	1	118
1	56	1	158
2	56	1	180
3	56	1	197
4	56	1	202
5	56	1	206
6	56	1	204
7	56	1	201
8	56	1	203
9	56	1	178
10	56	1	172
11	56	1	150
12	56	1	120
13	56	1	96
14	56	1	74
15	56	1	49
16	56	1	25
17	56	1	0
18	56	1	21
19	56	1	30
20	56	1	40
21	56	1	45
22	56	1	43
23	56	1	53
24	56	1	58
25	56	1	35
26	56	1	35
27	56	1	13
28	56	1	0
29	56	1	3
30	56	1	29
31	56	1	53
32	56	1	64
33	56	1	46
34	56	1	28
35	56	1	3
36	56	1	26
37	56	1	67
38	56	1	108
39	56	1	160
40	56	1	193
41	56	1	212
42	56	1	223
43	56	1	213
44	56	1	192
45	56	1	159
46	56	1	121
47	56	1	62
48	56	1	6
49	56	1	16
50	56	1	40
51	56	1	19
52	56	1	1
53	56	1	10
54	56	1	33
55	56	1	74
56	56	1	116
57	56	1	127
58	56	1	123
59	56	1	107
60	56	1	66
61	56	1	26
62	56	1	30
63	56	1	79
64	56	1	124
1	57	1	152
2	57	1	187
3	57	1	197
4	57	1	193
5	57	1	195
6	57	1	201
7	57	1	201
8	57	1	189
9	57	1	178
10	57	1	150
11	57	1	128
12	57	1	113
13	57	1	93
14	57	1	71
15	57	1	55
16	57	1	42
17	57	1	7
18	57	1	0
19	57	1	7
20	57	1	13
21	57	1	16
22	57	1	26
23	57	1	25
24	57	1	22
25	57	1	7
26	57	1	13
27	57	1	20
28	57	1	33
29	57	1	49
30	57	1	64
31	57	1	79
32	57	1	86
33	57	1	78
34	57	1	77
35	57	1	31
36	57	1	0
37	57	1	27
38	57	1	104
39	57	1	162
40	57	1	181
41	57	1	217
42	57	1	226
43	57	1	211
44	57	1	192
45	57	1	163
46	57	1	115
47	57	1	56
48	57	1	17
49	57	1	0
50	57	1	20
51	57	1	1
52	57	1	16
53	57	1	49
54	57	1	85
55	57	1	141
56	57	1	154
57	57	1	159
58	57	1	145
59	57	1	139
60	57	1	82
61	57	1	39
62	57	1	5
63	57	1	69
64	57	1	126
1	58	1	120
2	58	1	159
3	58	1	178
4	58	1	187
5	58	1	198
6	58	1	197
7	58	1	185
8	58	1	161
9	58	1	141
10	58	1	119
11	58	1	102
12	58	1	92
13	58	1	75
14	58	1	61
15	58	1	51
16	58	1	41
17	58	1	39
18	58	1	17
19	58	1	7
20	58	1	0
21	58	1	0
22	58	1	2
23	58	1	22
24	58	1	42
25	58	1	54
26	58	1	61
27	58	1	69
28	58	1	81
29	58	1	95
30	58	1	108
31	58	1	121
32	58	1	128
33	58	1	110
34	58	1	99
35	58	1	60
36	58	1	15
37	58	1	11
38	58	1	69
39	58	1	137
40	58	1	172
41	58	1	206
42	58	1	207
43	58	1	196
44	58	1	186
45	58	1	159
46	58	1	104
47	58	1	45
48	58	1	13
49	58	1	3
50	58	1	15
51	58	1	15
52	58	1	36
53	58	1	80
54	58	1	135
55	58	1	176
56	58	1	181
57	58	1	181
58	58	1	161
59	58	1	149
60	58	1	96
61	58	1	49
62	58	1	2
63	58	1	57
64	58	1	112
1	59	1	127
2	59	1	153
3	59	1	157
4	59	1	158
5	59	1	161
6	59	1	154
7	59	1	137
8	59	1	111
9	59	1	101
10	59	1	83
11	59	1	69
12	59	1	59
13	59	1	45
14	59	1	36
15	59	1	34
16	59	1	30
17	59	1	24
18	59	1	7
19	59	1	8
20	59	1	9
21	59	1	12
22	59	1	21
23	59	1	40
24	59	1	65
25	59	1	79
26	59	1	89
27	59	1	100
28	59	1	117
29	59	1	131
30	59	1	143
31	59	1	156
32	59	1	160
33	59	1	153
34	59	1	131
35	59	1	102
36	59	1	50
37	59	1	4
38	59	1	24
39	59	1	94
40	59	1	150
41	59	1	180
42	59	1	181
43	59	1	175
44	59	1	165
45	59	1	129
46	59	1	65
47	59	1	20
48	59	1	7
49	59	1	14
50	59	1	10
51	59	1	26
52	59	1	57
53	59	1	110
54	59	1	175
55	59	1	206
56	59	1	210
57	59	1	213
58	59	1	184
59	59	1	164
60	59	1	113
61	59	1	64
62	59	1	1
63	59	1	42
64	59	1	97
1	60	1	97
2	60	1	119
3	60	1	118
4	60	1	116
5	60	1	115
6	60	1	106
7	60	1	93
8	60	1	76
9	60	1	50
10	60	1	36
11	60	1	27
12	60	1	19
13	60	1	5
14	60	1	3
15	60	1	6
16	60	1	4
17	60	1	1
18	60	1	0
19	60	1	5
20	60	1	17
21	60	1	33
22	60	1	48
23	60	1	59
24	60	1	77
25	60	1	97
26	60	1	110
27	60	1	127
28	60	1	147
29	60	1	163
30	60	1	174
31	60	1	184
32	60	1	187
33	60	1	183
34	60	1	164
35	60	1	142
36	60	1	89
37	60	1	22
38	60	1	2
39	60	1	46
40	60	1	112
41	60	1	150
42	60	1	161
43	60	1	155
44	60	1	125
45	60	1	74
46	60	1	20
47	60	1	5
48	60	1	19
49	60	1	35
50	60	1	14
51	60	1	24
52	60	1	75
53	60	1	128
54	60	1	176
55	60	1	215
56	60	1	228
57	60	1	232
58	60	1	197
59	60	1	171
60	60	1	124
61	60	1	78
62	60	1	3
63	60	1	30
64	60	1	79
1	61	1	66
2	61	1	88
3	61	1	88
4	61	1	79
5	61	1	65
6	61	1	43
7	61	1	29
8	61	1	16
9	61	1	0
10	61	1	0
11	61	1	6
12	61	1	15
13	61	1	18
14	61	1	27
15	61	1	34
16	61	1	35
17	61	1	36
18	61	1	27
19	61	1	16
20	61	1	4
21	61	1	11
22	61	1	36
23	61	1	61
24	61	1	85
25	61	1	106
26	61	1	122
27	61	1	145
28	61	1	169
29	61	1	188
30	61	1	199
31	61	1	208
32	61	1	207
33	61	1	196
34	61	1	183
35	61	1	170
36	61	1	123
37	61	1	63
38	61	1	12
39	61	1	10
40	61	1	68
41	61	1	108
42	61	1	119
43	61	1	105
44	61	1	64
45	61	1	22
46	61	1	5
47	61	1	27
48	61	1	60
49	61	1	65
50	61	1	26
51	61	1	13
52	61	1	86
53	61	1	146
54	61	1	175
55	61	1	225
56	61	1	241
57	61	1	237
58	61	1	206
59	61	1	180
60	61	1	132
61	61	1	90
62	61	1	11
63	61	1	20
64	61	1	54
1	62	1	60
2	62	1	68
3	62	1	49
4	62	1	30
5	62	1	9
6	62	1	0
7	62	1	0
8	62	1	0
9	62	1	33
10	62	1	42
11	62	1	59
12	62	1	69
13	62	1	67
14	62	1	67
15	62	1	65
16	62	1	58
17	62	1	58
18	62	1	50
19	62	1	31
20	62	1	7
21	62	1	0
22	62	1	19
23	62	1	49
24	62	1	84
25	62	1	98
26	62	1	118
27	62	1	147
28	62	1	174
29	62	1	191
30	62	1	202
31	62	1	210
32	62	1	208
33	62	1	196
34	62	1	191
35	62	1	186
36	62	1	144
37	62	1	98
38	62	1	38
39	62	1	0
40	62	1	31
41	62	1	51
42	62	1	55
43	62	1	38
44	62	1	11
45	62	1	11
46	62	1	37
47	62	1	76
48	62	1	104
49	62	1	90
50	62	1	41
51	62	1	4
52	62	1	74
53	62	1	148
54	62	1	179
55	62	1	225
56	62	1	234
57	62	1	227
58	62	1	204
59	62	1	180
60	62	1	132
61	62	1	97
62	62	1	20
63	62	1	10
64	62	1	23
1	63	1	28
2	63	1	30
3	63	1	11
4	63	1	7
5	63	1	14
6	63	1	29
7	63	1	57
8	63	1	77
9	63	1	98
10	63	1	105
11	63	1	117
12	63	1	118
13	63	1	111
14	63	1	105
15	63	1	96
16	63	1	80
17	63	1	61
18	63	1	49
19	63	1	43
20	63	1	29
21	63	1	18
22	63	1	11
23	63	1	24
24	63	1	62
25	63	1	88
26	63	1	109
27	63	1	140
28	63	1	167
29	63	1	187
30	63	1	195
31	63	1	202
32	63	1	203
33	63	1	196
34	63	1	194
35	63	1	194
36	63	1	155
37	63	1	115
38	63	1	65
39	63	1	8
40	63	1	12
41	63	1	14
42	63	1	16
43	63	1	15
44	63	1	25
45	63	1	63
46	63	1	105
47	63	1	128
48	63	1	137
49	63	1	114
50	63	1	71
51	63	1	21
52	63	1	49
53	63	1	122
54	63	1	176
55	63	1	206
56	63	1	208
57	63	1	208
58	63	1	192
59	63	1	168
60	63	1	114
61	63	1	89
62	63	1	24
63	63	1	3
64	63	1	0
1	64	1	14
2	64	1	23
3	64	1	24
4	64	1	45
5	64	1	72
6	64	1	90
7	64	1	114
8	64	1	127
9	64	1	149
10	64	1	151
11	64	1	155
12	64	1	151
13	64	1	143
14	64	1	141
15	64	1	133
16	64	1	118
17	64	1	109
18	64	1	83
19	64	1	71
20	64	1	60
21	64	1	45
22	64	1	16
23	64	1	11
24	64	1	43
25	64	1	71
26	64	1	94
27	64	1	127
28	64	1	158
29	64	1	174
30	64	1	183
31	64	1	190
32	64	1	193
33	64	1	199
34	64	1	193
35	64	1	197
36	64	1	157
37	64	1	116
38	64	1	77
39	64	1	19
40	64	1	4
41	64	1	2
42	64	1	9
43	64	1	28
44	64	1	67
45	64	1	127
46	64	1	165
47	64	1	169
48	64	1	160
49	64	1	139
50	64	1	104
51	64	1	50
52	64	1	30
53	64	1	94
54	64	1	171
55	64	1	190
56	64	1	192
57	64	1	197
58	64	1	184
59	64	1	155
60	64	1	92
61	64	1	74
62	64	1	21
63	64	1	2
64	64	1	0
