1	1	1	187
2	1	1	197
3	1	1	193
4	1	1	36
5	1	1	95
6	1	1	170
7	1	1	112
8	1	1	162
9	1	1	180
10	1	1	191
11	1	1	178
12	1	1	161
13	1	1	150
14	1	1	157
15	1	1	160
16	1	1	165
17	1	1	167
18	1	1	153
19	1	1	48
20	1	1	18
21	1	1	40
22	1	1	69
23	1	1	126
24	1	1	185
25	1	1	3
26	1	1	9
27	1	1	36
28	1	1	55
29	1	1	85
30	1	1	126
31	1	1	154
32	1	1	155
33	1	1	168
34	1	1	188
35	1	1	169
36	1	1	21
37	1	1	202
38	1	1	201
39	1	1	32
40	1	1	75
41	1	1	19
42	1	1	52
43	1	1	6
44	1	1	18
45	1	1	58
46	1	1	75
47	1	1	95
48	1	1	111
49	1	1	190
50	1	1	191
51	1	1	191
52	1	1	183
53	1	1	176
54	1	1	158
55	1	1	134
56	1	1	91
57	1	1	49
58	1	1	0
59	1	1	52
60	1	1	97
61	1	1	131
62	1	1	151
63	1	1	160
64	1	1	135
1	2	1	159
2	2	1	178
3	2	1	187
4	2	1	17
5	2	1	61
6	2	1	154
7	2	1	126
8	2	1	177
9	2	1	199
10	2	1	207
11	2	1	185
12	2	1	174
13	2	1	191
14	2	1	191
15	2	1	183
16	2	1	173
17	2	1	175
18	2	1	152
19	2	1	87
20	2	1	34
21	2	1	16
22	2	1	57
23	2	1	112
24	2	1	137
25	2	1	16
26	2	1	17
27	2	1	44
28	2	1	67
29	2	1	94
30	2	1	129
31	2	1	156
32	2	1	179
33	2	1	199
34	2	1	190
35	2	1	189
36	2	1	10
37	2	1	215
38	2	1	211
39	2	1	14
40	2	1	71
41	2	1	18
42	2	1	42
43	2	1	23
44	2	1	63
45	2	1	112
46	2	1	139
47	2	1	149
48	2	1	150
49	2	1	198
50	2	1	202
51	2	1	204
52	2	1	197
53	2	1	191
54	2	1	166
55	2	1	131
56	2	1	89
57	2	1	48
58	2	1	0
59	2	1	46
60	2	1	83
61	2	1	107
62	2	1	126
63	2	1	140
64	2	1	100
1	3	1	153
2	3	1	157
3	3	1	158
4	3	1	19
5	3	1	52
6	3	1	126
7	3	1	131
8	3	1	180
9	3	1	192
10	3	1	205
11	3	1	196
12	3	1	179
13	3	1	202
14	3	1	204
15	3	1	197
16	3	1	185
17	3	1	193
18	3	1	168
19	3	1	107
20	3	1	43
21	3	1	0
22	3	1	42
23	3	1	97
24	3	1	23
25	3	1	10
26	3	1	5
27	3	1	36
28	3	1	68
29	3	1	104
30	3	1	140
31	3	1	166
32	3	1	191
33	3	1	213
34	3	1	195
35	3	1	210
36	3	1	28
37	3	1	220
38	3	1	211
39	3	1	17
40	3	1	70
41	3	1	19
42	3	1	25
43	3	1	57
44	3	1	92
45	3	1	146
46	3	1	181
47	3	1	190
48	3	1	191
49	3	1	213
50	3	1	214
51	3	1	212
52	3	1	204
53	3	1	201
54	3	1	191
55	3	1	148
56	3	1	99
57	3	1	56
58	3	1	0
59	3	1	36
60	3	1	62
61	3	1	72
62	3	1	87
63	3	1	104
64	3	1	78
1	4	1	179
2	4	1	149
3	4	1	71
4	4	1	10
5	4	1	44
6	4	1	93
7	4	1	132
8	4	1	165
9	4	1	185
10	4	1	220
11	4	1	215
12	4	1	210
13	4	1	172
14	4	1	152
15	4	1	108
16	4	1	204
17	4	1	201
18	4	1	191
19	4	1	168
20	4	1	137
21	4	1	90
22	4	1	120
23	4	1	87
24	4	1	52
25	4	1	21
26	4	1	12
27	4	1	59
28	4	1	51
29	4	1	79
30	4	1	91
31	4	1	168
32	4	1	185
33	4	1	187
34	4	1	210
35	4	1	223
36	4	1	230
37	4	1	197
38	4	1	168
39	4	1	128
40	4	1	68
41	4	1	15
42	4	1	9
43	4	1	69
44	4	1	111
45	4	1	152
46	4	1	173
47	4	1	205
48	4	1	212
49	4	1	196
50	4	1	214
51	4	1	226
52	4	1	214
53	4	1	204
54	4	1	190
55	4	1	145
56	4	1	95
57	4	1	46
58	4	1	10
59	4	1	17
60	4	1	51
61	4	1	65
62	4	1	55
63	4	1	33
64	4	1	10
1	5	1	178
2	5	1	136
3	5	1	70
4	5	1	42
5	5	1	13
6	5	1	62
7	5	1	125
8	5	1	161
9	5	1	181
10	5	1	206
11	5	1	210
12	5	1	219
13	5	1	189
14	5	1	168
15	5	1	137
16	5	1	214
17	5	1	204
18	5	1	190
19	5	1	174
20	5	1	163
21	5	1	138
22	5	1	118
23	5	1	92
24	5	1	71
25	5	1	37
26	5	1	0
27	5	1	23
28	5	1	33
29	5	1	79
30	5	1	67
31	5	1	145
32	5	1	169
33	5	1	170
34	5	1	194
35	5	1	201
36	5	1	207
37	5	1	183
38	5	1	145
39	5	1	105
40	5	1	48
41	5	1	3
42	5	1	2
43	5	1	15
44	5	1	108
45	5	1	160
46	5	1	204
47	5	1	212
48	5	1	223
49	5	1	210
50	5	1	221
51	5	1	222
52	5	1	206
53	5	1	194
54	5	1	164
55	5	1	121
56	5	1	77
57	5	1	43
58	5	1	11
59	5	1	9
60	5	1	29
61	5	1	34
62	5	1	5
63	5	1	11
64	5	1	34
1	6	1	174
2	6	1	120
3	6	1	68
4	6	1	32
5	6	1	0
6	6	1	41
7	6	1	113
8	6	1	144
9	6	1	169
10	6	1	197
11	6	1	212
12	6	1	217
13	6	1	201
14	6	1	174
15	6	1	163
16	6	1	206
17	6	1	194
18	6	1	164
19	6	1	185
20	6	1	161
21	6	1	161
22	6	1	113
23	6	1	82
24	6	1	65
25	6	1	51
26	6	1	26
27	6	1	13
28	6	1	14
29	6	1	30
30	6	1	31
31	6	1	114
32	6	1	121
33	6	1	128
34	6	1	168
35	6	1	187
36	6	1	198
37	6	1	145
38	6	1	125
39	6	1	89
40	6	1	18
41	6	1	0
42	6	1	6
43	6	1	10
44	6	1	104
45	6	1	162
46	6	1	181
47	6	1	217
48	6	1	226
49	6	1	219
50	6	1	221
51	6	1	215
52	6	1	204
53	6	1	188
54	6	1	139
55	6	1	91
56	6	1	51
57	6	1	30
58	6	1	8
59	6	1	3
60	6	1	16
61	6	1	20
62	6	1	46
63	6	1	61
64	6	1	103
1	7	1	142
2	7	1	85
3	7	1	48
4	7	1	3
5	7	1	2
6	7	1	30
7	7	1	106
8	7	1	127
9	7	1	139
10	7	1	190
11	7	1	211
12	7	1	227
13	7	1	232
14	7	1	231
15	7	1	227
16	7	1	222
17	7	1	207
18	7	1	186
19	7	1	194
20	7	1	162
21	7	1	112
22	7	1	90
23	7	1	47
24	7	1	13
25	7	1	0
26	7	1	6
27	7	1	21
28	7	1	14
29	7	1	30
30	7	1	31
31	7	1	32
32	7	1	19
33	7	1	1
34	7	1	130
35	7	1	138
36	7	1	145
37	7	1	110
38	7	1	79
39	7	1	44
40	7	1	5
41	7	1	19
42	7	1	35
43	7	1	14
44	7	1	115
45	7	1	172
46	7	1	191
47	7	1	208
48	7	1	221
49	7	1	204
50	7	1	201
51	7	1	203
52	7	1	182
53	7	1	141
54	7	1	86
55	7	1	67
56	7	1	26
57	7	1	11
58	7	1	2
59	7	1	15
60	7	1	45
61	7	1	83
62	7	1	113
63	7	1	134
64	7	1	144
1	8	1	93
2	8	1	49
3	8	1	18
4	8	1	0
5	8	1	6
6	8	1	21
7	8	1	94
8	8	1	110
9	8	1	113
10	8	1	169
11	8	1	185
12	8	1	198
13	8	1	201
14	8	1	199
15	8	1	198
16	8	1	191
17	8	1	180
18	8	1	170
19	8	1	164
20	8	1	114
21	8	1	63
22	8	1	74
23	8	1	33
24	8	1	8
25	8	1	14
26	8	1	21
27	8	1	12
28	8	1	8
29	8	1	9
30	8	1	3
31	8	1	7
32	8	1	9
33	8	1	16
34	8	1	98
35	8	1	100
36	8	1	109
37	8	1	64
38	8	1	30
39	8	1	7
40	8	1	19
41	8	1	40
42	8	1	31
43	8	1	36
44	8	1	95
45	8	1	170
46	8	1	189
47	8	1	198
48	8	1	210
49	8	1	201
50	8	1	201
51	8	1	189
52	8	1	168
53	8	1	128
54	8	1	84
55	8	1	34
56	8	1	9
57	8	1	5
58	8	1	31
59	8	1	52
60	8	1	84
61	8	1	121
62	8	1	144
63	8	1	163
64	8	1	181
1	9	1	44
2	9	1	29
3	9	1	9
4	9	1	14
5	9	1	21
6	9	1	12
7	9	1	117
8	9	1	147
9	9	1	189
10	9	1	150
11	9	1	162
12	9	1	170
13	9	1	171
14	9	1	170
15	9	1	170
16	9	1	164
17	9	1	157
18	9	1	144
19	9	1	90
20	9	1	42
21	9	1	27
22	9	1	36
23	9	1	20
24	9	1	16
25	9	1	31
26	9	1	29
27	9	1	4
28	9	1	16
29	9	1	7
30	9	1	0
31	9	1	2
32	9	1	22
33	9	1	51
34	9	1	50
35	9	1	62
36	9	1	77
37	9	1	20
38	9	1	6
39	9	1	18
40	9	1	35
41	9	1	71
42	9	1	44
43	9	1	17
44	9	1	61
45	9	1	154
46	9	1	178
47	9	1	182
48	9	1	195
49	9	1	193
50	9	1	185
51	9	1	161
52	9	1	145
53	9	1	105
54	9	1	70
55	9	1	13
56	9	1	15
57	9	1	30
58	9	1	47
59	9	1	71
60	9	1	102
61	9	1	145
62	9	1	180
63	9	1	181
64	9	1	189
1	10	1	1
2	10	1	10
3	10	1	33
4	10	1	32
5	10	1	14
6	10	1	17
7	10	1	102
8	10	1	141
9	10	1	176
10	10	1	160
11	10	1	168
12	10	1	138
13	10	1	145
14	10	1	144
15	10	1	139
16	10	1	147
17	10	1	135
18	10	1	104
19	10	1	100
20	10	1	77
21	10	1	67
22	10	1	63
23	10	1	78
24	10	1	90
25	10	1	33
26	10	1	30
27	10	1	5
28	10	1	51
29	10	1	89
30	10	1	183
31	10	1	31
32	10	1	51
33	10	1	72
34	10	1	105
35	10	1	141
36	10	1	172
37	10	1	163
38	10	1	165
39	10	1	167
40	10	1	90
41	10	1	149
42	10	1	51
43	10	1	19
44	10	1	52
45	10	1	126
46	10	1	149
47	10	1	158
48	10	1	169
49	10	1	172
50	10	1	145
51	10	1	125
52	10	1	119
53	10	1	102
54	10	1	92
55	10	1	12
56	10	1	20
57	10	1	45
58	10	1	43
59	10	1	78
60	10	1	129
61	10	1	154
62	10	1	166
63	10	1	184
64	10	1	203
1	11	1	16
2	11	1	49
3	11	1	85
4	11	1	54
5	11	1	34
6	11	1	26
7	11	1	61
8	11	1	121
9	11	1	157
10	11	1	140
11	11	1	126
12	11	1	116
13	11	1	109
14	11	1	109
15	11	1	99
16	11	1	91
17	11	1	68
18	11	1	48
19	11	1	78
20	11	1	50
21	11	1	30
22	11	1	108
23	11	1	118
24	11	1	100
25	11	1	82
26	11	1	45
27	11	1	7
28	11	1	46
29	11	1	82
30	11	1	153
31	11	1	55
32	11	1	78
33	11	1	100
34	11	1	133
35	11	1	165
36	11	1	194
37	11	1	177
38	11	1	173
39	11	1	175
40	11	1	123
41	11	1	107
42	11	1	66
43	11	1	18
44	11	1	42
45	11	1	95
46	11	1	118
47	11	1	136
48	11	1	141
49	11	1	135
50	11	1	124
51	11	1	98
52	11	1	83
53	11	1	69
54	11	1	59
55	11	1	1
56	11	1	9
57	11	1	29
58	11	1	59
59	11	1	89
60	11	1	136
61	11	1	164
62	11	1	182
63	11	1	186
64	11	1	196
1	12	1	36
2	12	1	80
3	12	1	135
4	12	1	91
5	12	1	57
6	12	1	29
7	12	1	13
8	12	1	64
9	12	1	119
10	12	1	104
11	12	1	76
12	12	1	53
13	12	1	77
14	12	1	80
15	12	1	68
16	12	1	52
17	12	1	32
18	12	1	0
19	12	1	35
20	12	1	13
21	12	1	0
22	12	1	148
23	12	1	152
24	12	1	129
25	12	1	105
26	12	1	64
27	12	1	19
28	12	1	45
29	12	1	74
30	12	1	84
31	12	1	43
32	12	1	78
33	12	1	129
34	12	1	167
35	12	1	178
36	12	1	213
37	12	1	187
38	12	1	185
39	12	1	193
40	12	1	145
41	12	1	136
42	12	1	82
43	12	1	19
44	12	1	25
45	12	1	61
46	12	1	87
47	12	1	113
48	12	1	105
49	12	1	86
50	12	1	77
51	12	1	51
52	12	1	36
53	12	1	27
54	12	1	19
55	12	1	5
56	12	1	8
57	12	1	19
58	12	1	60
59	12	1	90
60	12	1	126
61	12	1	167
62	12	1	198
63	12	1	196
64	12	1	206
1	13	1	58
2	13	1	10
3	13	1	20
4	13	1	101
5	13	1	158
6	13	1	163
7	13	1	7
8	13	1	25
9	13	1	75
10	13	1	42
11	13	1	66
12	13	1	79
13	13	1	53
14	13	1	40
15	13	1	18
16	13	1	2
17	13	1	0
18	13	1	0
19	13	1	105
20	13	1	152
21	13	1	163
22	13	1	175
23	13	1	170
24	13	1	142
25	13	1	113
26	13	1	68
27	13	1	14
28	13	1	17
29	13	1	77
30	13	1	112
31	13	1	78
32	13	1	129
33	13	1	167
34	13	1	178
35	13	1	213
36	13	1	211
37	13	1	217
38	13	1	211
39	13	1	200
40	13	1	168
41	13	1	128
42	13	1	84
43	13	1	15
44	13	1	9
45	13	1	40
46	13	1	66
47	13	1	80
48	13	1	60
49	13	1	44
50	13	1	0
51	13	1	0
52	13	1	10
53	13	1	25
54	13	1	34
55	13	1	29
56	13	1	18
57	13	1	15
58	13	1	47
59	13	1	88
60	13	1	121
61	13	1	156
62	13	1	174
63	13	1	196
64	13	1	198
1	14	1	91
2	14	1	27
3	14	1	0
4	14	1	56
5	14	1	128
6	14	1	161
7	14	1	52
8	14	1	12
9	14	1	31
10	14	1	16
11	14	1	34
12	14	1	39
13	14	1	25
14	14	1	8
15	14	1	2
16	14	1	23
17	14	1	28
18	14	1	42
19	14	1	150
20	14	1	181
21	14	1	176
22	14	1	187
23	14	1	179
24	14	1	150
25	14	1	119
26	14	1	74
27	14	1	16
28	14	1	16
29	14	1	33
30	14	1	65
31	14	1	89
32	14	1	136
33	14	1	181
34	14	1	209
35	14	1	220
36	14	1	215
37	14	1	231
38	14	1	224
39	14	1	211
40	14	1	145
41	14	1	105
42	14	1	70
43	14	1	45
44	14	1	8
45	14	1	26
46	14	1	44
47	14	1	33
48	14	1	14
49	14	1	150
50	14	1	31
51	14	1	28
52	14	1	37
53	14	1	61
54	14	1	68
55	14	1	55
56	14	1	32
57	14	1	13
58	14	1	18
59	14	1	74
60	14	1	117
61	14	1	147
62	14	1	163
63	14	1	188
64	14	1	174
1	15	1	138
2	15	1	78
3	15	1	13
4	15	1	12
5	15	1	79
6	15	1	145
7	15	1	172
8	15	1	206
9	15	1	207
10	15	1	23
11	15	1	22
12	15	1	22
13	15	1	11
14	15	1	2
15	15	1	15
16	15	1	58
17	15	1	67
18	15	1	94
19	15	1	171
20	15	1	214
21	15	1	227
22	15	1	191
23	15	1	194
24	15	1	162
25	15	1	126
26	15	1	78
27	15	1	22
28	15	1	24
29	15	1	2
30	15	1	40
31	15	1	76
32	15	1	126
33	15	1	176
34	15	1	209
35	15	1	206
36	15	1	210
37	15	1	234
38	15	1	227
39	15	1	214
40	15	1	125
41	15	1	89
42	15	1	57
43	15	1	20
44	15	1	0
45	15	1	13
46	15	1	17
47	15	1	1
48	15	1	0
49	15	1	163
50	15	1	77
51	15	1	83
52	15	1	79
53	15	1	96
54	15	1	95
55	15	1	81
56	15	1	55
57	15	1	27
58	15	1	0
59	15	1	50
60	15	1	102
61	15	1	141
62	15	1	128
63	15	1	156
64	15	1	125
1	16	1	172
2	16	1	129
3	16	1	52
4	16	1	12
5	16	1	31
6	16	1	98
7	16	1	150
8	16	1	180
9	16	1	181
10	16	1	40
11	16	1	27
12	16	1	30
13	16	1	29
14	16	1	31
15	16	1	52
16	16	1	72
17	16	1	105
18	16	1	141
19	16	1	172
20	16	1	194
21	16	1	198
22	16	1	227
23	16	1	207
24	16	1	168
25	16	1	123
26	16	1	76
27	16	1	22
28	16	1	0
29	16	1	26
30	16	1	46
31	16	1	89
32	16	1	101
33	16	1	95
34	16	1	147
35	16	1	145
36	16	1	56
37	16	1	144
38	16	1	136
39	16	1	126
40	16	1	73
41	16	1	34
42	16	1	9
43	16	1	6
44	16	1	0
45	16	1	8
46	16	1	7
47	16	1	111
48	16	1	152
49	16	1	173
50	16	1	82
51	16	1	92
52	16	1	114
53	16	1	118
54	16	1	116
55	16	1	114
56	16	1	95
57	16	1	63
58	16	1	15
59	16	1	21
60	16	1	61
61	16	1	121
62	16	1	107
63	16	1	96
64	16	1	92
1	17	1	178
2	17	1	149
3	17	1	94
4	17	1	18
5	17	1	0
6	17	1	55
7	17	1	112
8	17	1	150
9	17	1	161
10	17	1	35
11	17	1	24
12	17	1	31
13	17	1	38
14	17	1	47
15	17	1	71
16	17	1	100
17	17	1	133
18	17	1	165
19	17	1	194
20	17	1	214
21	17	1	213
22	17	1	238
23	17	1	213
24	17	1	167
25	17	1	115
26	17	1	73
27	17	1	27
28	17	1	0
29	17	1	21
30	17	1	43
31	17	1	67
32	17	1	70
33	17	1	55
34	17	1	90
35	17	1	75
36	17	1	136
37	17	1	84
38	17	1	83
39	17	1	78
40	17	1	67
41	17	1	13
42	17	1	15
43	17	1	40
44	17	1	29
45	17	1	4
46	17	1	6
47	17	1	108
48	17	1	160
49	17	1	193
50	17	1	211
51	17	1	121
52	17	1	140
53	17	1	142
54	17	1	145
55	17	1	150
56	17	1	148
57	17	1	92
58	17	1	38
59	17	1	0
60	17	1	27
61	17	1	106
62	17	1	148
63	17	1	53
64	17	1	44
1	18	1	172
2	18	1	145
3	18	1	118
4	18	1	90
5	18	1	29
6	18	1	1
7	18	1	27
8	18	1	37
9	18	1	5
10	18	1	19
11	18	1	16
12	18	1	28
13	18	1	29
14	18	1	43
15	18	1	78
16	18	1	129
17	18	1	167
18	18	1	178
19	18	1	213
20	18	1	211
21	18	1	196
22	18	1	215
23	18	1	191
24	18	1	151
25	18	1	98
26	18	1	61
27	18	1	23
28	18	1	0
29	18	1	19
30	18	1	32
31	18	1	47
32	18	1	34
33	18	1	14
34	18	1	19
35	18	1	1
36	18	1	164
37	18	1	23
38	18	1	23
39	18	1	16
40	18	1	10
41	18	1	38
42	18	1	54
43	18	1	65
44	18	1	32
45	18	1	18
46	18	1	7
47	18	1	46
48	18	1	162
49	18	1	181
50	18	1	203
51	18	1	151
52	18	1	165
53	18	1	175
54	18	1	178
55	18	1	172
56	18	1	175
57	18	1	108
58	18	1	62
59	18	1	8
60	18	1	14
61	18	1	81
62	18	1	133
63	18	1	6
64	18	1	0
1	19	1	187
2	19	1	153
3	19	1	137
4	19	1	61
5	19	1	40
6	19	1	22
7	19	1	29
8	19	1	12
9	19	1	55
10	19	1	19
11	19	1	9
12	19	1	51
13	19	1	49
14	19	1	63
15	19	1	89
16	19	1	136
17	19	1	181
18	19	1	209
19	19	1	168
20	19	1	199
21	19	1	204
22	19	1	221
23	19	1	222
24	19	1	206
25	19	1	88
26	19	1	44
27	19	1	6
28	19	1	21
29	19	1	12
30	19	1	7
31	19	1	25
32	19	1	8
33	19	1	0
34	19	1	5
35	19	1	2
36	19	1	5
37	19	1	8
38	19	1	15
39	19	1	30
40	19	1	34
41	19	1	78
42	19	1	90
43	19	1	87
44	19	1	56
45	19	1	28
46	19	1	0
47	19	1	46
48	19	1	112
49	19	1	152
50	19	1	184
51	19	1	164
52	19	1	190
53	19	1	206
54	19	1	226
55	19	1	229
56	19	1	205
57	19	1	135
58	19	1	111
59	19	1	53
60	19	1	19
61	19	1	40
62	19	1	92
63	19	1	138
64	19	1	163
1	20	1	204
2	20	1	164
3	20	1	134
4	20	1	30
5	20	1	33
6	20	1	34
7	20	1	40
8	20	1	47
9	20	1	94
10	20	1	18
11	20	1	46
12	20	1	105
13	20	1	35
14	20	1	50
15	20	1	76
16	20	1	126
17	20	1	176
18	20	1	209
19	20	1	140
20	20	1	183
21	20	1	201
22	20	1	221
23	20	1	215
24	20	1	204
25	20	1	138
26	20	1	99
27	20	1	81
28	20	1	29
29	20	1	4
30	20	1	6
31	20	1	3
32	20	1	16
33	20	1	26
34	20	1	5
35	20	1	8
36	20	1	46
37	20	1	58
38	20	1	75
39	20	1	86
40	20	1	103
41	20	1	216
42	20	1	123
43	20	1	107
44	20	1	66
45	20	1	37
46	20	1	0
47	20	1	39
48	20	1	65
49	20	1	105
50	20	1	141
51	20	1	167
52	20	1	203
53	20	1	224
54	20	1	209
55	20	1	194
56	20	1	218
57	20	1	204
58	20	1	188
59	20	1	91
60	20	1	91
61	20	1	51
62	20	1	52
63	20	1	118
64	20	1	136
1	21	1	205
2	21	1	165
3	21	1	129
4	21	1	0
5	21	1	6
6	21	1	1
7	21	1	0
8	21	1	15
9	21	1	1
10	21	1	50
11	21	1	100
12	21	1	150
13	21	1	10
14	21	1	24
15	21	1	65
16	21	1	121
17	21	1	171
18	21	1	199
19	21	1	98
20	21	1	148
21	21	1	183
22	21	1	208
23	21	1	203
24	21	1	188
25	21	1	139
26	21	1	106
27	21	1	79
28	21	1	26
29	21	1	11
30	21	1	7
31	21	1	7
32	21	1	30
33	21	1	51
34	21	1	46
35	21	1	58
36	21	1	72
37	21	1	85
38	21	1	108
39	21	1	119
40	21	1	144
41	21	1	201
42	21	1	145
43	21	1	139
44	21	1	82
45	21	1	56
46	21	1	0
47	21	1	33
48	21	1	20
49	21	1	30
50	21	1	100
51	21	1	169
52	21	1	204
53	21	1	226
54	21	1	227
55	21	1	207
56	21	1	212
57	21	1	188
58	21	1	148
59	21	1	115
60	21	1	67
61	21	1	26
62	21	1	30
63	21	1	87
64	21	1	113
1	22	1	213
2	22	1	167
3	22	1	115
4	22	1	164
5	22	1	135
6	22	1	84
7	22	1	6
8	22	1	0
9	22	1	29
10	22	1	67
11	22	1	94
12	22	1	129
13	22	1	24
14	22	1	18
15	22	1	52
16	22	1	102
17	22	1	140
18	22	1	183
19	22	1	197
20	22	1	215
21	22	1	212
22	22	1	200
23	22	1	194
24	22	1	162
25	22	1	123
26	22	1	86
27	22	1	44
28	22	1	9
29	22	1	5
30	22	1	2
31	22	1	9
32	22	1	41
33	22	1	68
34	22	1	72
35	22	1	85
36	22	1	94
37	22	1	112
38	22	1	138
39	22	1	66
40	22	1	201
41	22	1	201
42	22	1	161
43	22	1	149
44	22	1	105
45	22	1	74
46	22	1	3
47	22	1	15
48	22	1	5
49	22	1	9
50	22	1	158
51	22	1	163
52	22	1	214
53	22	1	236
54	22	1	238
55	22	1	213
56	22	1	194
57	22	1	162
58	22	1	112
59	22	1	73
60	22	1	34
61	22	1	9
62	22	1	40
63	22	1	66
64	22	1	80
1	23	1	191
2	23	1	151
3	23	1	98
4	23	1	135
5	23	1	112
6	23	1	91
7	23	1	33
8	23	1	4
9	23	1	74
10	23	1	68
11	23	1	104
12	23	1	140
13	23	1	48
14	23	1	17
15	23	1	30
16	23	1	81
17	23	1	131
18	23	1	166
19	23	1	190
20	23	1	204
21	23	1	195
22	23	1	183
23	23	1	164
24	23	1	114
25	23	1	101
26	23	1	36
27	23	1	13
28	23	1	15
29	23	1	20
30	23	1	11
31	23	1	7
32	23	1	35
33	23	1	39
34	23	1	211
35	23	1	112
36	23	1	28
37	23	1	18
38	23	1	140
39	23	1	29
40	23	1	61
41	23	1	185
42	23	1	89
43	23	1	101
44	23	1	113
45	23	1	60
46	23	1	115
47	23	1	47
48	23	1	32
49	23	1	31
50	23	1	128
51	23	1	161
52	23	1	199
53	23	1	207
54	23	1	212
55	23	1	191
56	23	1	179
57	23	1	142
58	23	1	63
59	23	1	48
60	23	1	3
61	23	1	15
62	23	1	50
63	23	1	41
64	23	1	33
1	24	1	161
2	24	1	127
3	24	1	88
4	24	1	100
5	24	1	77
6	24	1	67
7	24	1	42
8	24	1	7
9	24	1	0
10	24	1	57
11	24	1	102
12	24	1	146
13	24	1	93
14	24	1	44
15	24	1	11
16	24	1	42
17	24	1	102
18	24	1	140
19	24	1	168
20	24	1	175
21	24	1	161
22	24	1	138
23	24	1	90
24	24	1	42
25	24	1	50
26	24	1	69
27	24	1	38
28	24	1	54
29	24	1	50
30	24	1	23
31	24	1	3
32	24	1	30
33	24	1	53
34	24	1	222
35	24	1	109
36	24	1	4
37	24	1	16
38	24	1	122
39	24	1	68
40	24	1	98
41	24	1	137
42	24	1	134
43	24	1	139
44	24	1	124
45	24	1	44
46	24	1	68
47	24	1	46
48	24	1	34
49	24	1	41
50	24	1	81
51	24	1	131
52	24	1	163
53	24	1	182
54	24	1	203
55	24	1	161
56	24	1	135
57	24	1	93
58	24	1	27
59	24	1	18
60	24	1	0
61	24	1	54
62	24	1	24
63	24	1	21
64	24	1	1
1	25	1	145
2	25	1	105
3	25	1	70
4	25	1	43
5	25	1	11
6	25	1	9
7	25	1	41
8	25	1	39
9	25	1	17
10	25	1	12
11	25	1	58
12	25	1	122
13	25	1	160
14	25	1	108
15	25	1	28
16	25	1	19
17	25	1	71
18	25	1	98
19	25	1	130
20	25	1	137
21	25	1	120
22	25	1	89
23	25	1	24
24	25	1	0
25	25	1	83
26	25	1	27
27	25	1	78
28	25	1	90
29	25	1	72
30	25	1	30
31	25	1	5
32	25	1	19
33	25	1	65
34	25	1	227
35	25	1	0
36	25	1	9
37	25	1	47
38	25	1	83
39	25	1	113
40	25	1	134
41	25	1	153
42	25	1	163
43	25	1	165
44	25	1	155
45	25	1	7
46	25	1	40
47	25	1	56
48	25	1	42
49	25	1	28
50	25	1	42
51	25	1	102
52	25	1	139
53	25	1	158
54	25	1	178
55	25	1	106
56	25	1	75
57	25	1	44
58	25	1	29
59	25	1	9
60	25	1	14
61	25	1	0
62	25	1	0
63	25	1	0
64	25	1	0
1	26	1	125
2	26	1	89
3	26	1	57
4	26	1	30
5	26	1	8
6	26	1	3
7	26	1	30
8	26	1	24
9	26	1	7
10	26	1	5
11	26	1	29
12	26	1	85
13	26	1	175
14	26	1	126
15	26	1	57
16	26	1	5
17	26	1	45
18	26	1	80
19	26	1	104
20	26	1	116
21	26	1	70
22	26	1	6
23	26	1	0
24	26	1	32
25	26	1	42
26	26	1	108
27	26	1	118
28	26	1	100
29	26	1	82
30	26	1	45
31	26	1	7
32	26	1	23
33	26	1	75
34	26	1	222
35	26	1	20
36	26	1	64
37	26	1	59
38	26	1	146
39	26	1	163
40	26	1	163
41	26	1	131
42	26	1	128
43	26	1	173
44	26	1	183
45	26	1	176
46	26	1	21
47	26	1	142
48	26	1	106
49	26	1	28
50	26	1	19
51	26	1	71
52	26	1	84
53	26	1	107
54	26	1	126
55	26	1	43
56	26	1	10
57	26	1	0
58	26	1	38
59	26	1	42
60	26	1	31
61	26	1	0
62	26	1	8
63	26	1	30
64	26	1	23
1	27	1	98
2	27	1	55
3	27	1	27
4	27	1	11
5	27	1	2
6	27	1	7
7	27	1	12
8	27	1	211
9	27	1	209
10	27	1	42
11	27	1	0
12	27	1	27
13	27	1	186
14	27	1	144
15	27	1	80
16	27	1	91
17	27	1	20
18	27	1	47
19	27	1	54
20	27	1	47
21	27	1	19
22	27	1	9
23	27	1	51
24	27	1	117
25	27	1	108
26	27	1	148
27	27	1	152
28	27	1	129
29	27	1	105
30	27	1	64
31	27	1	19
32	27	1	46
33	27	1	97
34	27	1	204
35	27	1	33
36	27	1	87
37	27	1	84
38	27	1	152
39	27	1	173
40	27	1	181
41	27	1	159
42	27	1	156
43	27	1	185
44	27	1	197
45	27	1	191
46	27	1	10
47	27	1	170
48	27	1	133
49	27	1	57
50	27	1	5
51	27	1	45
52	27	1	51
53	27	1	76
54	27	1	79
55	27	1	0
56	27	1	20
57	27	1	47
58	27	1	16
59	27	1	20
60	27	1	65
61	27	1	52
62	27	1	62
63	27	1	50
64	27	1	61
1	28	1	71
2	28	1	36
3	28	1	20
4	28	1	16
5	28	1	209
6	28	1	217
7	28	1	15
8	28	1	222
9	28	1	216
10	28	1	163
11	28	1	176
12	28	1	199
13	28	1	188
14	28	1	156
15	28	1	104
16	28	1	115
17	28	1	8
18	28	1	45
19	28	1	37
20	28	1	21
21	28	1	18
22	28	1	46
23	28	1	63
24	28	1	112
25	28	1	150
26	28	1	175
27	28	1	170
28	28	1	142
29	28	1	113
30	28	1	68
31	28	1	14
32	28	1	28
33	28	1	77
34	28	1	19
35	28	1	41
36	28	1	81
37	28	1	108
38	28	1	160
39	28	1	193
40	28	1	181
41	28	1	179
42	28	1	179
43	28	1	212
44	28	1	204
45	28	1	201
46	28	1	205
47	28	1	184
48	28	1	150
49	28	1	80
50	28	1	13
51	28	1	20
52	28	1	47
53	28	1	54
54	28	1	47
55	28	1	39
56	28	1	7
57	28	1	26
58	28	1	20
59	28	1	19
60	28	1	94
61	28	1	107
62	28	1	117
63	28	1	117
64	28	1	116
1	29	1	17
2	29	1	17
3	29	1	27
4	29	1	40
5	29	1	209
6	29	1	220
7	29	1	19
8	29	1	227
9	29	1	219
10	29	1	164
11	29	1	195
12	29	1	214
13	29	1	196
14	29	1	173
15	29	1	155
16	29	1	124
17	29	1	0
18	29	1	22
19	29	1	15
20	29	1	15
21	29	1	1
22	29	1	100
23	29	1	150
24	29	1	181
25	29	1	163
26	29	1	175
27	29	1	172
28	29	1	150
29	29	1	119
30	29	1	74
31	29	1	16
32	29	1	17
33	29	1	62
34	29	1	30
35	29	1	58
36	29	1	109
37	29	1	107
38	29	1	162
39	29	1	181
40	29	1	199
41	29	1	208
42	29	1	202
43	29	1	226
44	29	1	214
45	29	1	204
46	29	1	200
47	29	1	197
48	29	1	165
49	29	1	104
50	29	1	37
51	29	1	8
52	29	1	45
53	29	1	37
54	29	1	21
55	29	1	24
56	29	1	7
57	29	1	32
58	29	1	33
59	29	1	22
60	29	1	139
61	29	1	147
62	29	1	155
63	29	1	162
64	29	1	158
1	30	1	17
2	30	1	39
3	30	1	59
4	30	1	71
5	30	1	209
6	30	1	13
7	30	1	11
8	30	1	69
9	30	1	137
10	30	1	163
11	30	1	190
12	30	1	211
13	30	1	175
14	30	1	168
15	30	1	149
16	30	1	126
17	30	1	108
18	30	1	90
19	30	1	0
20	30	1	0
21	30	1	29
22	30	1	132
23	30	1	171
24	30	1	214
25	30	1	173
26	30	1	202
27	30	1	187
28	30	1	162
29	30	1	126
30	30	1	78
31	30	1	22
32	30	1	9
33	30	1	46
34	30	1	64
35	30	1	32
36	30	1	142
37	30	1	69
38	30	1	137
39	30	1	172
40	30	1	214
41	30	1	228
42	30	1	232
43	30	1	222
44	30	1	206
45	30	1	194
46	30	1	201
47	30	1	204
48	30	1	175
49	30	1	86
50	30	1	35
51	30	1	0
52	30	1	22
53	30	1	15
54	30	1	15
55	30	1	17
56	30	1	8
57	30	1	53
58	30	1	46
59	30	1	28
60	30	1	181
61	30	1	168
62	30	1	180
63	30	1	191
64	30	1	184
1	31	1	65
2	31	1	79
3	31	1	85
4	31	1	87
5	31	1	202
6	31	1	206
7	31	1	4
8	31	1	24
9	31	1	103
10	31	1	150
11	31	1	150
12	31	1	181
13	31	1	192
14	31	1	158
15	31	1	135
16	31	1	121
17	31	1	96
18	31	1	74
19	31	1	33
20	31	1	4
21	31	1	74
22	31	1	151
23	31	1	171
24	31	1	215
25	31	1	223
26	31	1	213
27	31	1	192
28	31	1	168
29	31	1	123
30	31	1	76
31	31	1	22
32	31	1	0
33	31	1	26
34	31	1	78
35	31	1	123
36	31	1	146
37	31	1	140
38	31	1	171
39	31	1	198
40	31	1	210
41	31	1	108
42	31	1	73
43	31	1	222
44	31	1	216
45	31	1	214
46	31	1	178
47	31	1	172
48	31	1	150
49	31	1	39
50	31	1	20
51	31	1	7
52	31	1	15
53	31	1	19
54	31	1	33
55	31	1	47
56	31	1	82
57	31	1	103
58	31	1	141
59	31	1	172
60	31	1	194
61	31	1	198
62	31	1	202
63	31	1	204
64	31	1	217
1	32	1	126
2	32	1	135
3	32	1	134
4	32	1	107
5	32	1	193
6	32	1	195
7	32	1	22
8	32	1	2
9	32	1	46
10	32	1	112
11	32	1	181
12	32	1	211
13	32	1	186
14	32	1	155
15	32	1	128
16	32	1	100
17	32	1	71
18	32	1	34
19	32	1	27
20	32	1	5
21	32	1	89
22	32	1	158
23	32	1	178
24	32	1	223
25	32	1	226
26	32	1	211
27	32	1	192
28	32	1	167
29	32	1	115
30	32	1	73
31	32	1	27
32	32	1	0
33	32	1	21
34	32	1	83
35	32	1	123
36	32	1	151
37	32	1	14
38	32	1	155
39	32	1	188
40	32	1	210
41	32	1	115
42	32	1	82
43	32	1	197
44	32	1	201
45	32	1	203
46	32	1	157
47	32	1	150
48	32	1	128
49	32	1	89
50	32	1	49
51	32	1	29
52	32	1	25
53	32	1	30
54	32	1	41
55	32	1	87
56	32	1	119
57	32	1	151
58	32	1	161
59	32	1	194
60	32	1	214
61	32	1	213
62	32	1	214
63	32	1	212
64	32	1	204
1	33	1	166
2	33	1	167
3	33	1	161
4	33	1	139
5	33	1	187
6	33	1	198
7	33	1	37
8	33	1	5
9	33	1	29
10	33	1	180
11	33	1	161
12	33	1	156
13	33	1	165
14	33	1	122
15	33	1	85
16	33	1	45
17	33	1	17
18	33	1	17
19	33	1	8
20	33	1	7
21	33	1	107
22	33	1	136
23	33	1	166
24	33	1	211
25	33	1	207
26	33	1	196
27	33	1	186
28	33	1	151
29	33	1	98
30	33	1	61
31	33	1	23
32	33	1	0
33	33	1	19
34	33	1	32
35	33	1	116
36	33	1	160
37	33	1	9
38	33	1	135
39	33	1	167
40	33	1	194
41	33	1	119
42	33	1	90
43	33	1	183
44	33	1	201
45	33	1	189
46	33	1	112
47	33	1	119
48	33	1	102
49	33	1	70
50	33	1	43
51	33	1	36
52	33	1	46
53	33	1	45
54	33	1	58
55	33	1	81
56	33	1	145
57	33	1	166
58	33	1	166
59	33	1	213
60	33	1	211
61	33	1	196
62	33	1	214
63	33	1	226
64	33	1	214
1	34	1	181
2	34	1	181
3	34	1	175
4	34	1	172
5	34	1	147
6	34	1	108
7	34	1	98
8	34	1	42
9	34	1	0
10	34	1	29
11	34	1	94
12	34	1	112
13	34	1	95
14	34	1	66
15	34	1	19
16	34	1	6
17	34	1	17
18	34	1	39
19	34	1	22
20	34	1	0
21	34	1	35
22	34	1	126
23	34	1	163
24	34	1	159
25	34	1	178
26	34	1	177
27	34	1	175
28	34	1	127
29	34	1	88
30	34	1	44
31	34	1	6
32	34	1	7
33	34	1	27
34	34	1	27
35	34	1	12
36	34	1	13
37	34	1	29
38	34	1	123
39	34	1	149
40	34	1	168
41	34	1	169
42	34	1	172
43	34	1	145
44	34	1	164
45	34	1	114
46	34	1	63
47	34	1	83
48	34	1	92
49	34	1	44
50	34	1	23
51	34	1	16
52	34	1	26
53	34	1	29
54	34	1	59
55	34	1	85
56	34	1	126
57	34	1	164
58	34	1	182
59	34	1	220
60	34	1	215
61	34	1	210
62	34	1	221
63	34	1	222
64	34	1	206
1	35	1	208
2	35	1	212
3	35	1	202
4	35	1	194
5	35	1	169
6	35	1	135
7	35	1	138
8	35	1	81
9	35	1	25
10	35	1	7
11	35	1	20
12	35	1	64
13	35	1	55
14	35	1	18
15	35	1	0
16	35	1	61
17	35	1	86
18	35	1	105
19	35	1	62
20	35	1	7
21	35	1	26
22	35	1	88
23	35	1	141
24	35	1	145
25	35	1	126
26	35	1	131
27	35	1	137
28	35	1	74
29	35	1	63
30	35	1	21
31	35	1	0
32	35	1	6
33	35	1	23
34	35	1	18
35	35	1	3
36	35	1	9
37	35	1	36
38	35	1	83
39	35	1	111
40	35	1	130
41	35	1	141
42	35	1	135
43	35	1	124
44	35	1	90
45	35	1	42
46	35	1	27
47	35	1	69
48	35	1	59
49	35	1	140
50	35	1	27
51	35	1	0
52	35	1	21
53	35	1	19
54	35	1	60
55	35	1	90
56	35	1	124
57	35	1	154
58	35	1	198
59	35	1	236
60	35	1	250
61	35	1	219
62	35	1	201
63	35	1	161
64	35	1	204
1	36	1	212
2	36	1	223
3	36	1	213
4	36	1	218
5	36	1	198
6	36	1	167
7	36	1	172
8	36	1	131
9	36	1	80
10	36	1	27
11	36	1	0
12	36	1	25
13	36	1	1
14	36	1	10
15	36	1	33
16	36	1	97
17	36	1	127
18	36	1	147
19	36	1	90
20	36	1	42
21	36	1	12
22	36	1	46
23	36	1	116
24	36	1	140
25	36	1	79
26	36	1	86
27	36	1	90
28	36	1	20
29	36	1	35
30	36	1	14
31	36	1	14
32	36	1	22
33	36	1	30
34	36	1	36
35	36	1	16
36	36	1	17
37	36	1	44
38	36	1	53
39	36	1	76
40	36	1	88
41	36	1	105
42	36	1	86
43	36	1	77
44	36	1	24
45	36	1	0
46	36	1	26
47	36	1	113
48	36	1	71
49	36	1	98
50	36	1	23
51	36	1	0
52	36	1	19
53	36	1	29
54	36	1	31
55	36	1	88
56	36	1	126
57	36	1	164
58	36	1	197
59	36	1	220
60	36	1	236
61	36	1	217
62	36	1	185
63	36	1	111
64	36	1	188
1	37	1	195
2	37	1	185
3	37	1	185
4	37	1	211
5	37	1	216
6	37	1	203
7	37	1	185
8	37	1	163
9	37	1	123
10	37	1	66
11	37	1	24
12	37	1	7
13	37	1	12
14	37	1	55
15	37	1	82
16	37	1	128
17	37	1	166
18	37	1	184
19	37	1	129
20	37	1	75
21	37	1	16
22	37	1	11
23	37	1	69
24	37	1	98
25	37	1	94
26	37	1	89
27	37	1	62
28	37	1	5
29	37	1	16
30	37	1	29
31	37	1	48
32	37	1	54
33	37	1	52
34	37	1	38
35	37	1	10
36	37	1	5
37	37	1	36
38	37	1	82
39	37	1	176
40	37	1	153
41	37	1	194
42	37	1	196
43	37	1	205
44	37	1	175
45	37	1	126
46	37	1	57
47	37	1	5
48	37	1	45
49	37	1	80
50	37	1	6
51	37	1	7
52	37	1	27
53	37	1	38
54	37	1	47
55	37	1	90
56	37	1	126
57	37	1	167
58	37	1	171
59	37	1	193
60	37	1	208
61	37	1	197
62	37	1	137
63	37	1	239
64	37	1	239
1	38	1	193
2	38	1	182
3	38	1	171
4	38	1	219
5	38	1	216
6	38	1	205
7	38	1	196
8	38	1	171
9	38	1	130
10	38	1	123
11	38	1	66
12	38	1	24
13	38	1	47
14	38	1	94
15	38	1	112
16	38	1	200
17	38	1	182
18	38	1	195
19	38	1	139
20	38	1	95
21	38	1	35
22	38	1	0
23	38	1	30
24	38	1	49
25	38	1	47
26	38	1	39
27	38	1	19
28	38	1	11
29	38	1	29
30	38	1	49
31	38	1	64
32	38	1	81
33	38	1	78
34	38	1	64
35	38	1	24
36	38	1	0
37	38	1	21
38	38	1	115
39	38	1	170
40	38	1	84
41	38	1	204
42	38	1	207
43	38	1	212
44	38	1	186
45	38	1	144
46	38	1	80
47	38	1	13
48	38	1	20
49	38	1	47
50	38	1	7
51	38	1	27
52	38	1	28
53	38	1	39
54	38	1	51
55	38	1	88
56	38	1	121
57	38	1	156
58	38	1	160
59	38	1	168
60	38	1	173
61	38	1	154
62	38	1	203
63	38	1	200
64	38	1	234
1	39	1	180
2	39	1	171
3	39	1	156
4	39	1	239
5	39	1	220
6	39	1	206
7	39	1	226
8	39	1	214
9	39	1	204
10	39	1	130
11	39	1	84
12	39	1	56
13	39	1	62
14	39	1	117
15	39	1	126
16	39	1	149
17	39	1	158
18	39	1	169
19	39	1	138
20	39	1	95
21	39	1	47
22	39	1	17
23	39	1	17
24	39	1	16
25	39	1	19
26	39	1	3
27	39	1	11
28	39	1	35
29	39	1	86
30	39	1	105
31	39	1	113
32	39	1	116
33	39	1	114
34	39	1	101
35	39	1	54
36	39	1	14
37	39	1	10
38	39	1	95
39	39	1	154
40	39	1	18
41	39	1	214
42	39	1	209
43	39	1	205
44	39	1	188
45	39	1	156
46	39	1	104
47	39	1	37
48	39	1	8
49	39	1	45
50	39	1	6
51	39	1	23
52	39	1	20
53	39	1	21
54	39	1	45
55	39	1	74
56	39	1	117
57	39	1	147
58	39	1	140
59	39	1	126
60	39	1	116
61	39	1	201
62	39	1	189
63	39	1	182
64	39	1	212
1	40	1	205
2	40	1	209
3	40	1	220
4	40	1	220
5	40	1	227
6	40	1	219
7	40	1	222
8	40	1	206
9	40	1	194
10	40	1	138
11	40	1	99
12	40	1	81
13	40	1	6
14	40	1	50
15	40	1	111
16	40	1	118
17	40	1	136
18	40	1	141
19	40	1	152
20	40	1	99
21	40	1	71
22	40	1	33
23	40	1	14
24	40	1	3
25	40	1	16
26	40	1	25
27	40	1	49
28	40	1	83
29	40	1	127
30	40	1	134
31	40	1	158
32	40	1	145
33	40	1	150
34	40	1	111
35	40	1	78
36	40	1	38
37	40	1	36
38	40	1	61
39	40	1	126
40	40	1	161
41	40	1	199
42	40	1	195
43	40	1	189
44	40	1	173
45	40	1	136
46	40	1	86
47	40	1	35
48	40	1	0
49	40	1	14
50	40	1	22
51	40	1	30
52	40	1	38
53	40	1	17
54	40	1	18
55	40	1	74
56	40	1	117
57	40	1	147
58	40	1	183
59	40	1	197
60	40	1	215
61	40	1	184
62	40	1	186
63	40	1	187
64	40	1	198
1	41	1	204
2	41	1	209
3	41	1	218
4	41	1	218
5	41	1	222
6	41	1	219
7	41	1	215
8	41	1	204
9	41	1	188
10	41	1	175
11	41	1	126
12	41	1	90
13	41	1	10
14	41	1	44
15	41	1	89
16	41	1	121
17	41	1	113
18	41	1	105
19	41	1	100
20	41	1	69
21	41	1	40
22	41	1	27
23	41	1	1
24	41	1	9
25	41	1	42
26	41	1	66
27	41	1	94
28	41	1	125
29	41	1	144
30	41	1	163
31	41	1	175
32	41	1	178
33	41	1	172
34	41	1	149
35	41	1	125
36	41	1	85
37	41	1	17
38	41	1	52
39	41	1	71
40	41	1	145
41	41	1	163
42	41	1	173
43	41	1	172
44	41	1	152
45	41	1	95
46	41	1	39
47	41	1	20
48	41	1	7
49	41	1	48
50	41	1	54
51	41	1	52
52	41	1	89
53	41	1	136
54	41	1	181
55	41	1	50
56	41	1	102
57	41	1	141
58	41	1	166
59	41	1	190
60	41	1	204
61	41	1	176
62	41	1	160
63	41	1	150
64	41	1	173
1	42	1	197
2	42	1	202
3	42	1	206
4	42	1	206
5	42	1	204
6	42	1	201
7	42	1	201
8	42	1	203
9	42	1	178
10	42	1	165
11	42	1	123
12	42	1	95
13	42	1	74
14	42	1	13
15	42	1	62
16	42	1	106
17	42	1	77
18	42	1	52
19	42	1	37
20	42	1	44
21	42	1	25
22	42	1	8
23	42	1	5
24	42	1	8
25	42	1	46
26	42	1	82
27	42	1	100
28	42	1	145
29	42	1	180
30	42	1	181
31	42	1	206
32	42	1	204
33	42	1	194
34	42	1	179
35	42	1	157
36	42	1	131
37	42	1	19
38	42	1	172
39	42	1	45
40	42	1	103
41	42	1	121
42	42	1	139
43	42	1	128
44	42	1	99
45	42	1	42
46	42	1	2
47	42	1	20
48	42	1	33
49	42	1	81
50	42	1	81
51	42	1	78
52	42	1	76
53	42	1	126
54	42	1	176
55	42	1	21
56	42	1	61
57	42	1	121
58	42	1	140
59	42	1	168
60	42	1	175
61	42	1	147
62	42	1	133
63	42	1	123
64	42	1	150
1	43	1	161
2	43	1	171
3	43	1	193
4	43	1	220
5	43	1	236
6	43	1	219
7	43	1	201
8	43	1	189
9	43	1	178
10	43	1	37
11	43	1	120
12	43	1	96
13	43	1	71
14	43	1	8
15	43	1	14
16	43	1	81
17	43	1	37
18	43	1	5
19	43	1	17
20	43	1	4
21	43	1	47
22	43	1	34
23	43	1	29
24	43	1	18
25	43	1	50
26	43	1	81
27	43	1	109
28	43	1	155
29	43	1	187
30	43	1	196
31	43	1	224
32	43	1	228
33	43	1	218
34	43	1	201
35	43	1	194
36	43	1	173
37	43	1	80
38	43	1	13
39	43	1	20
40	43	1	51
41	43	1	76
42	43	1	79
43	43	1	52
44	43	1	37
45	43	1	28
46	43	1	25
47	43	1	52
48	43	1	57
49	43	1	16
50	43	1	5
51	43	1	17
52	43	1	65
53	43	1	121
54	43	1	171
55	43	1	190
56	43	1	206
57	43	1	210
58	43	1	216
59	43	1	224
60	43	1	211
61	43	1	188
62	43	1	139
63	43	1	91
64	43	1	85
1	44	1	151
2	44	1	160
3	44	1	168
4	44	1	193
5	44	1	208
6	44	1	195
7	44	1	185
8	44	1	161
9	44	1	141
10	44	1	35
11	44	1	92
12	44	1	75
13	44	1	61
14	44	1	53
15	44	1	19
16	44	1	40
17	44	1	74
18	44	1	117
19	44	1	82
20	44	1	53
21	44	1	96
22	44	1	68
23	44	1	55
24	44	1	32
25	44	1	17
26	44	1	75
27	44	1	117
28	44	1	161
29	44	1	190
30	44	1	206
31	44	1	226
32	44	1	239
33	44	1	230
34	44	1	227
35	44	1	214
36	44	1	191
37	44	1	104
38	44	1	37
39	44	1	8
40	44	1	16
41	44	1	33
42	44	1	38
43	44	1	5
44	44	1	17
45	44	1	60
46	44	1	88
47	44	1	104
48	44	1	83
49	44	1	62
50	44	1	28
51	44	1	9
52	44	1	49
53	44	1	103
54	44	1	150
55	44	1	183
56	44	1	206
57	44	1	206
58	44	1	213
59	44	1	234
60	44	1	219
61	44	1	157
62	44	1	117
63	44	1	67
64	44	1	19
1	45	1	126
2	45	1	140
3	45	1	126
4	45	1	168
5	45	1	173
6	45	1	163
7	45	1	155
8	45	1	95
9	45	1	39
10	45	1	20
11	45	1	59
12	45	1	45
13	45	1	36
14	45	1	78
15	45	1	90
16	45	1	11
17	45	1	50
18	45	1	102
19	45	1	74
20	45	1	108
21	45	1	138
22	45	1	95
23	45	1	81
24	45	1	55
25	45	1	9
26	45	1	49
27	45	1	103
28	45	1	150
29	45	1	183
30	45	1	206
31	45	1	213
32	45	1	226
33	45	1	217
34	45	1	220
35	45	1	209
36	45	1	188
37	45	1	86
38	45	1	35
39	45	1	0
40	45	1	0
41	45	1	15
42	45	1	16
43	45	1	55
44	45	1	82
45	45	1	120
46	45	1	123
47	45	1	135
48	45	1	132
49	45	1	117
50	45	1	78
51	45	1	32
52	45	1	13
53	45	1	64
54	45	1	119
55	45	1	168
56	45	1	199
57	45	1	204
58	45	1	215
59	45	1	239
60	45	1	239
61	45	1	112
62	45	1	73
63	45	1	34
64	45	1	0
1	46	1	107
2	46	1	126
3	46	1	140
4	46	1	108
5	46	1	112
6	46	1	106
7	46	1	125
8	46	1	55
9	46	1	29
10	46	1	20
11	46	1	89
12	46	1	127
13	46	1	3
14	46	1	118
15	46	1	100
16	46	1	15
17	46	1	21
18	46	1	61
19	46	1	89
20	46	1	127
21	46	1	167
22	46	1	115
23	46	1	102
24	46	1	62
25	46	1	3
26	46	1	17
27	46	1	77
28	46	1	119
29	46	1	168
30	46	1	199
31	46	1	194
32	46	1	201
33	46	1	194
34	46	1	199
35	46	1	193
36	46	1	176
37	46	1	39
38	46	1	20
39	46	1	7
40	46	1	9
41	46	1	0
42	46	1	13
43	46	1	76
44	46	1	132
45	46	1	171
46	46	1	180
47	46	1	191
48	46	1	178
49	46	1	194
50	46	1	189
51	46	1	182
52	46	1	7
53	46	1	25
54	46	1	75
55	46	1	140
56	46	1	168
57	46	1	175
58	46	1	161
59	46	1	138
60	46	1	90
61	46	1	42
62	46	1	27
63	46	1	29
64	46	1	2
1	47	1	72
2	47	1	87
3	47	1	104
4	47	1	79
5	47	1	75
6	47	1	55
7	47	1	74
8	47	1	0
9	47	1	5
10	47	1	52
11	47	1	107
12	47	1	152
13	47	1	148
14	47	1	152
15	47	1	129
16	47	1	38
17	47	1	0
18	47	1	27
19	47	1	107
20	47	1	152
21	47	1	169
22	47	1	136
23	47	1	122
24	47	1	82
25	47	1	29
26	47	1	16
27	47	1	33
28	47	1	75
29	47	1	140
30	47	1	183
31	47	1	159
32	47	1	168
33	47	1	169
34	47	1	90
35	47	1	42
36	47	1	27
37	47	1	2
38	47	1	20
39	47	1	33
40	47	1	19
41	47	1	8
42	47	1	24
43	47	1	101
44	47	1	151
45	47	1	171
46	47	1	199
47	47	1	207
48	47	1	185
49	47	1	196
50	47	1	190
51	47	1	183
52	47	1	34
53	47	1	16
54	47	1	54
55	47	1	98
56	47	1	130
57	47	1	137
58	47	1	120
59	47	1	89
60	47	1	24
61	47	1	0
62	47	1	26
63	47	1	63
64	47	1	31
1	48	1	65
2	48	1	55
3	48	1	33
4	48	1	39
5	48	1	28
6	48	1	7
7	48	1	20
8	48	1	47
9	48	1	56
10	48	1	42
11	48	1	101
12	48	1	158
13	48	1	175
14	48	1	170
15	48	1	142
16	48	1	62
17	48	1	8
18	48	1	14
19	48	1	199
20	48	1	206
21	48	1	209
22	48	1	158
23	48	1	134
24	48	1	91
25	48	1	55
26	48	1	24
27	48	1	2
28	48	1	31
29	48	1	98
30	48	1	148
31	48	1	117
32	48	1	136
33	48	1	145
34	48	1	24
35	48	1	0
36	48	1	26
37	48	1	25
38	48	1	52
39	48	1	57
40	48	1	34
41	48	1	13
42	48	1	17
43	48	1	99
44	48	1	158
45	48	1	178
46	48	1	192
47	48	1	205
48	48	1	196
49	48	1	200
50	48	1	202
51	48	1	200
52	48	1	43
53	48	1	0
54	48	1	14
55	48	1	80
56	48	1	104
57	48	1	116
58	48	1	70
59	48	1	6
60	48	1	0
61	48	1	32
62	48	1	84
63	48	1	108
64	48	1	47
1	49	1	46
2	49	1	61
3	49	1	86
4	49	1	40
5	49	1	27
6	49	1	0
7	49	1	85
8	49	1	99
9	49	1	95
10	49	1	109
11	49	1	56
12	49	1	128
13	49	1	187
14	49	1	179
15	49	1	150
16	49	1	188
17	49	1	200
18	49	1	210
19	49	1	212
20	49	1	220
21	49	1	222
22	49	1	183
23	49	1	156
24	49	1	119
25	49	1	152
26	49	1	108
27	49	1	18
28	49	1	0
29	49	1	55
30	49	1	108
31	49	1	66
32	49	1	78
33	49	1	85
34	49	1	0
35	49	1	32
36	49	1	84
37	49	1	30
38	49	1	41
39	49	1	87
40	49	1	32
41	49	1	18
42	49	1	7
43	49	1	104
44	49	1	162
45	49	1	181
46	49	1	182
47	49	1	200
48	49	1	206
49	49	1	184
50	49	1	139
51	49	1	95
52	49	1	62
53	49	1	6
54	49	1	16
55	49	1	24
56	49	1	53
57	49	1	76
58	49	1	88
59	49	1	90
60	49	1	75
61	49	1	17
62	49	1	8
63	49	1	4
64	49	1	20
1	50	1	74
2	50	1	97
3	50	1	127
4	50	1	119
5	50	1	78
6	50	1	13
7	50	1	125
8	50	1	132
9	50	1	129
10	50	1	162
11	50	1	12
12	50	1	79
13	50	1	8
14	50	1	35
15	50	1	126
16	50	1	167
17	50	1	190
18	50	1	194
19	50	1	210
20	50	1	223
21	50	1	230
22	50	1	186
23	50	1	172
24	50	1	128
25	50	1	168
26	50	1	137
27	50	1	90
28	50	1	29
29	50	1	1
30	50	1	38
31	50	1	42
32	50	1	66
33	50	1	79
34	50	1	75
35	50	1	55
36	50	1	30
37	50	1	45
38	50	1	58
39	50	1	81
40	50	1	56
41	50	1	28
42	50	1	0
43	50	1	69
44	50	1	137
45	50	1	172
46	50	1	174
47	50	1	196
48	50	1	198
49	50	1	180
50	50	1	138
51	50	1	95
52	50	1	79
53	50	1	56
54	50	1	35
55	50	1	3
56	50	1	23
57	50	1	35
58	50	1	32
59	50	1	19
60	50	1	1
61	50	1	0
62	50	1	0
63	50	1	8
64	50	1	40
1	51	1	91
2	51	1	128
3	51	1	166
4	51	1	163
5	51	1	129
6	51	1	52
7	51	1	173
8	51	1	176
9	51	1	182
10	51	1	169
11	51	1	142
12	51	1	106
13	51	1	25
14	51	1	18
15	51	1	88
16	51	1	123
17	51	1	149
18	51	1	168
19	51	1	190
20	51	1	189
21	51	1	173
22	51	1	175
23	51	1	167
24	51	1	120
25	51	1	174
26	51	1	163
27	51	1	138
28	51	1	81
29	51	1	20
30	51	1	12
31	51	1	16
32	51	1	34
33	51	1	39
34	51	1	28
35	51	1	7
36	51	1	2
37	51	1	29
38	51	1	59
39	51	1	85
40	51	1	71
41	51	1	37
42	51	1	0
43	51	1	24
44	51	1	94
45	51	1	150
46	51	1	163
47	51	1	188
48	51	1	174
49	51	1	162
50	51	1	132
51	51	1	89
52	51	1	44
53	51	1	33
54	51	1	19
55	51	1	0
56	51	1	4
57	51	1	8
58	51	1	7
59	51	1	9
60	51	1	16
61	51	1	23
62	51	1	30
63	51	1	11
64	51	1	59
1	52	1	115
2	52	1	152
3	52	1	179
4	52	1	189
5	52	1	193
6	52	1	196
7	52	1	198
8	52	1	201
9	52	1	204
10	52	1	202
11	52	1	170
12	52	1	133
13	52	1	45
14	52	1	7
15	52	1	46
16	52	1	79
17	52	1	145
18	52	1	163
19	52	1	173
20	52	1	172
21	52	1	152
22	52	1	135
23	52	1	93
24	52	1	49
25	52	1	116
26	52	1	106
27	52	1	75
28	52	1	44
29	52	1	29
30	52	1	9
31	52	1	23
32	52	1	22
33	52	1	22
34	52	1	11
35	52	1	2
36	52	1	15
37	52	1	63
38	52	1	112
39	52	1	150
40	52	1	166
41	52	1	167
42	52	1	161
43	52	1	19
44	52	1	71
45	52	1	98
46	52	1	128
47	52	1	156
48	52	1	125
49	52	1	100
50	52	1	77
51	52	1	67
52	52	1	22
53	52	1	0
54	52	1	7
55	52	1	10
56	52	1	26
57	52	1	57
58	52	1	40
59	52	1	55
60	52	1	63
61	52	1	62
62	52	1	61
63	52	1	89
64	52	1	94
1	53	1	130
2	53	1	162
3	53	1	178
4	53	1	179
5	53	1	188
6	53	1	200
7	53	1	211
8	53	1	209
9	53	1	206
10	53	1	205
11	53	1	184
12	53	1	150
13	53	1	112
14	53	1	59
15	53	1	3
16	53	1	32
17	53	1	103
18	53	1	121
19	53	1	139
20	53	1	128
21	53	1	99
22	53	1	75
23	53	1	44
24	53	1	29
25	53	1	53
26	53	1	43
27	53	1	10
28	53	1	0
29	53	1	5
30	53	1	14
31	53	1	31
32	53	1	29
33	53	1	4
34	53	1	9
35	53	1	19
36	53	1	57
37	53	1	104
38	53	1	146
39	53	1	163
40	53	1	181
41	53	1	181
42	53	1	175
43	53	1	5
44	53	1	45
45	53	1	80
46	53	1	107
47	53	1	96
48	53	1	92
49	53	1	78
50	53	1	50
51	53	1	30
52	53	1	5
53	53	1	19
54	53	1	33
55	53	1	14
56	53	1	24
57	53	1	75
58	53	1	98
59	53	1	95
60	53	1	117
61	53	1	116
62	53	1	115
63	53	1	129
64	53	1	115
1	54	1	130
2	54	1	165
3	54	1	186
4	54	1	188
5	54	1	196
6	54	1	199
7	54	1	185
8	54	1	177
9	54	1	149
10	54	1	200
11	54	1	197
12	54	1	165
13	54	1	120
14	54	1	78
15	54	1	29
16	54	1	14
17	54	1	47
18	54	1	64
19	54	1	77
20	54	1	52
21	54	1	37
22	54	1	10
23	54	1	0
24	54	1	5
25	54	1	0
26	54	1	0
27	54	1	20
28	54	1	47
29	54	1	56
30	54	1	63
31	54	1	65
32	54	1	32
33	54	1	18
34	54	1	6
35	54	1	27
36	54	1	69
37	54	1	111
38	54	1	152
39	54	1	173
40	54	1	208
41	54	1	212
42	54	1	202
43	54	1	13
44	54	1	20
45	54	1	47
46	54	1	72
47	54	1	53
48	54	1	44
49	54	1	35
50	54	1	13
51	54	1	0
52	54	1	25
53	54	1	50
54	54	1	62
55	54	1	104
56	54	1	83
57	54	1	136
58	54	1	137
59	54	1	139
60	54	1	158
61	54	1	158
62	54	1	159
63	54	1	169
64	54	1	136
1	55	1	177
2	55	1	192
3	55	1	198
4	55	1	188
5	55	1	198
6	55	1	196
7	55	1	196
8	55	1	164
9	55	1	108
10	55	1	201
11	55	1	204
12	55	1	175
13	55	1	126
14	55	1	90
15	55	1	55
16	55	1	24
17	55	1	2
18	55	1	40
19	55	1	82
20	55	1	114
21	55	1	142
22	55	1	0
23	55	1	22
24	55	1	71
25	55	1	49
26	55	1	64
27	55	1	85
28	55	1	98
29	55	1	95
30	55	1	90
31	55	1	90
32	55	1	56
33	55	1	28
34	55	1	3
35	55	1	26
36	55	1	67
37	55	1	108
38	55	1	160
39	55	1	193
40	55	1	212
41	55	1	223
42	55	1	213
43	55	1	207
44	55	1	168
45	55	1	123
46	55	1	16
47	55	1	11
48	55	1	69
49	55	1	15
50	55	1	19
51	55	1	33
52	55	1	81
53	55	1	90
54	55	1	89
55	55	1	135
56	55	1	132
57	55	1	173
58	55	1	176
59	55	1	182
60	55	1	0
61	55	1	201
62	55	1	204
63	55	1	202
64	55	1	170
1	56	1	176
2	56	1	178
3	56	1	188
4	56	1	187
5	56	1	182
6	56	1	170
7	56	1	170
8	56	1	141
9	56	1	96
10	56	1	191
11	56	1	193
12	56	1	165
13	56	1	123
14	56	1	95
15	56	1	69
16	56	1	36
17	56	1	7
18	56	1	24
19	56	1	47
20	56	1	77
21	56	1	99
22	56	1	33
23	56	1	74
24	56	1	116
25	56	1	105
26	56	1	113
27	56	1	125
28	56	1	137
29	56	1	139
30	56	1	129
31	56	1	112
32	56	1	84
33	56	1	38
34	56	1	14
35	56	1	10
36	56	1	30
37	56	1	104
38	56	1	162
39	56	1	181
40	56	1	217
41	56	1	226
42	56	1	211
43	56	1	213
44	56	1	167
45	56	1	115
46	56	1	45
47	56	1	7
48	56	1	30
49	56	1	49
50	56	1	47
51	56	1	41
52	56	1	100
53	56	1	150
54	56	1	180
55	56	1	191
56	56	1	178
57	56	1	198
58	56	1	201
59	56	1	204
60	56	1	27
61	56	1	209
62	56	1	206
63	56	1	205
64	56	1	184
1	57	1	168
2	57	1	185
3	57	1	187
4	57	1	170
5	57	1	155
6	57	1	128
7	57	1	216
8	57	1	214
9	57	1	191
10	57	1	187
11	57	1	170
12	57	1	145
13	57	1	120
14	57	1	96
15	57	1	74
16	57	1	49
17	57	1	25
18	57	1	0
19	57	1	20
20	57	1	30
21	57	1	57
22	57	1	85
23	57	1	141
24	57	1	154
25	57	1	147
26	57	1	158
27	57	1	173
28	57	1	176
29	57	1	182
30	57	1	169
31	57	1	142
32	57	1	106
33	57	1	63
34	57	1	38
35	57	1	13
36	57	1	12
37	57	1	69
38	57	1	137
39	57	1	172
40	57	1	206
41	57	1	207
42	57	1	196
43	57	1	191
44	57	1	151
45	57	1	98
46	57	1	75
47	57	1	16
48	57	1	17
49	57	1	16
50	57	1	19
51	57	1	58
52	57	1	132
53	57	1	171
54	57	1	199
55	57	1	207
56	57	1	185
57	57	1	213
58	57	1	222
59	57	1	220
60	57	1	61
61	57	1	216
62	57	1	208
63	57	1	200
64	57	1	197
1	58	1	106
2	58	1	85
3	58	1	61
4	58	1	204
5	58	1	180
6	58	1	150
7	58	1	201
8	58	1	203
9	58	1	178
10	58	1	150
11	58	1	150
12	58	1	126
13	58	1	113
14	58	1	93
15	58	1	71
16	58	1	55
17	58	1	42
18	58	1	7
19	58	1	17
20	58	1	24
21	58	1	23
22	58	1	20
23	58	1	25
24	58	1	26
25	58	1	109
26	58	1	140
27	58	1	171
28	58	1	173
29	58	1	175
30	58	1	154
31	58	1	170
32	58	1	133
33	58	1	96
34	58	1	85
35	58	1	37
36	58	1	5
37	58	1	3
38	58	1	16
39	58	1	25
40	58	1	180
41	58	1	161
42	58	1	183
43	58	1	161
44	58	1	127
45	58	1	139
46	58	1	95
47	58	1	35
48	58	1	14
49	58	1	3
50	58	1	16
51	58	1	101
52	58	1	151
53	58	1	171
54	58	1	192
55	58	1	205
56	58	1	196
57	58	1	196
58	58	1	230
59	58	1	233
60	58	1	61
61	58	1	219
62	58	1	210
63	58	1	201
64	58	1	190
1	59	1	55
2	59	1	30
3	59	1	15
4	59	1	185
5	59	1	183
6	59	1	152
7	59	1	201
8	59	1	189
9	59	1	178
10	59	1	123
11	59	1	96
12	59	1	84
13	59	1	92
14	59	1	75
15	59	1	61
16	59	1	51
17	59	1	41
18	59	1	39
19	59	1	17
20	59	1	8
21	59	1	0
22	59	1	0
23	59	1	2
24	59	1	5
25	59	1	103
26	59	1	147
27	59	1	155
28	59	1	99
29	59	1	100
30	59	1	168
31	59	1	139
32	59	1	97
33	59	1	65
34	59	1	56
35	59	1	35
36	59	1	24
37	59	1	13
38	59	1	42
39	59	1	66
40	59	1	150
41	59	1	175
42	59	1	163
43	59	1	138
44	59	1	105
45	59	1	142
46	59	1	95
47	59	1	47
48	59	1	14
49	59	1	13
50	59	1	42
51	59	1	106
52	59	1	158
53	59	1	178
54	59	1	209
55	59	1	220
56	59	1	215
57	59	1	210
58	59	1	207
59	59	1	208
60	59	1	30
61	59	1	216
62	59	1	214
63	59	1	191
64	59	1	164
1	60	1	7
2	60	1	2
3	60	1	11
4	60	1	170
5	60	1	185
6	60	1	156
7	60	1	237
8	60	1	251
9	60	1	243
10	60	1	204
11	60	1	190
12	60	1	145
13	60	1	59
14	60	1	45
15	60	1	36
16	60	1	34
17	60	1	30
18	60	1	24
19	60	1	7
20	60	1	5
21	60	1	23
22	60	1	30
23	60	1	41
24	60	1	46
25	60	1	151
26	60	1	185
27	60	1	135
28	60	1	132
29	60	1	129
30	60	1	161
31	60	1	126
32	60	1	78
33	60	1	50
34	60	1	33
35	60	1	19
36	60	1	16
37	60	1	26
38	60	1	46
39	60	1	82
40	60	1	181
41	60	1	155
42	60	1	176
43	60	1	108
44	60	1	74
45	60	1	150
46	60	1	89
47	60	1	49
48	60	1	16
49	60	1	26
50	60	1	46
51	60	1	94
52	60	1	136
53	60	1	166
54	60	1	199
55	60	1	206
56	60	1	210
57	60	1	219
58	60	1	221
59	60	1	215
60	60	1	204
61	60	1	201
62	60	1	203
63	60	1	178
64	60	1	139
1	61	1	2
2	61	1	15
3	61	1	45
4	61	1	49
5	61	1	64
6	61	1	85
7	61	1	236
8	61	1	250
9	61	1	232
10	61	1	194
11	61	1	164
12	61	1	121
13	61	1	19
14	61	1	5
15	61	1	3
16	61	1	6
17	61	1	35
18	61	1	1
19	61	1	0
20	61	1	16
21	61	1	38
22	61	1	53
23	61	1	68
24	61	1	145
25	61	1	166
26	61	1	203
27	61	1	173
28	61	1	184
29	61	1	185
30	61	1	163
31	61	1	103
32	61	1	68
33	61	1	35
34	61	1	0
35	61	1	7
36	61	1	21
37	61	1	35
38	61	1	76
39	61	1	115
40	61	1	171
41	61	1	214
42	61	1	227
43	61	1	209
44	61	1	194
45	61	1	162
46	61	1	126
47	61	1	78
48	61	1	22
49	61	1	9
50	61	1	46
51	61	1	64
52	61	1	102
53	61	1	140
54	61	1	183
55	61	1	200
56	61	1	212
57	61	1	217
58	61	1	208
59	61	1	203
60	61	1	188
61	61	1	189
62	61	1	178
63	61	1	150
64	61	1	112
1	62	1	31
2	62	1	52
3	62	1	88
4	62	1	105
5	62	1	113
6	62	1	125
7	62	1	220
8	62	1	236
9	62	1	219
10	62	1	188
11	62	1	139
12	62	1	91
13	62	1	190
14	62	1	145
15	62	1	95
16	62	1	34
17	62	1	1
18	62	1	4
19	62	1	27
20	62	1	35
21	62	1	61
22	62	1	57
23	62	1	81
24	62	1	165
25	62	1	168
26	62	1	199
27	62	1	194
28	62	1	189
29	62	1	182
30	62	1	177
31	62	1	142
32	62	1	105
33	62	1	74
34	62	1	28
35	62	1	5
36	62	1	21
37	62	1	30
38	62	1	80
39	62	1	130
40	62	1	171
41	62	1	215
42	62	1	234
43	62	1	227
44	62	1	207
45	62	1	168
46	62	1	123
47	62	1	76
48	62	1	22
49	62	1	0
50	62	1	26
51	62	1	46
52	62	1	81
53	62	1	131
54	62	1	166
55	62	1	204
56	62	1	215
57	62	1	239
58	62	1	200
59	62	1	194
60	62	1	162
61	62	1	161
62	62	1	141
63	62	1	119
64	62	1	63
1	63	1	47
2	63	1	71
3	63	1	102
4	63	1	147
5	63	1	158
6	63	1	173
7	63	1	203
8	63	1	207
9	63	1	212
10	63	1	176
11	63	1	161
12	63	1	140
13	63	1	164
14	63	1	121
15	63	1	77
16	63	1	4
17	63	1	36
18	63	1	18
19	63	1	7
20	63	1	52
21	63	1	86
22	63	1	28
23	63	1	58
24	63	1	164
25	63	1	169
26	63	1	187
27	63	1	196
28	63	1	190
29	63	1	183
30	63	1	183
31	63	1	156
32	63	1	119
33	63	1	89
34	63	1	54
35	63	1	25
36	63	1	9
37	63	1	37
38	63	1	94
39	63	1	130
40	63	1	178
41	63	1	223
42	63	1	236
43	63	1	238
44	63	1	213
45	63	1	167
46	63	1	115
47	63	1	73
48	63	1	27
49	63	1	0
50	63	1	21
51	63	1	43
52	63	1	42
53	63	1	102
54	63	1	140
55	63	1	201
56	63	1	217
57	63	1	232
58	63	1	183
59	63	1	164
60	63	1	114
61	63	1	111
62	63	1	101
63	63	1	83
64	63	1	27
1	64	1	23
2	64	1	170
3	64	1	191
4	64	1	126
5	64	1	164
6	64	1	182
7	64	1	186
8	64	1	182
9	64	1	203
10	64	1	164
11	64	1	134
12	64	1	99
13	64	1	139
14	64	1	91
15	64	1	51
16	64	1	90
17	64	1	56
18	64	1	28
19	64	1	0
20	64	1	43
21	64	1	77
22	64	1	130
23	64	1	163
24	64	1	176
25	64	1	179
26	64	1	188
27	64	1	200
28	64	1	202
29	64	1	200
30	64	1	187
31	64	1	172
32	64	1	128
33	64	1	101
34	64	1	73
35	64	1	46
36	64	1	8
37	64	1	4
38	64	1	74
39	64	1	148
40	64	1	166
41	64	1	211
42	64	1	219
43	64	1	215
44	64	1	191
45	64	1	151
46	64	1	98
47	64	1	61
48	64	1	23
49	64	1	0
50	64	1	19
51	64	1	32
52	64	1	34
53	64	1	5
54	64	1	11
55	64	1	183
56	64	1	203
57	64	1	207
58	64	1	138
59	64	1	90
60	64	1	42
61	64	1	101
62	64	1	83
63	64	1	69
64	64	1	11
