1	1	1	1
2	1	1	1
3	1	1	1
4	1	1	1
5	1	1	1
6	1	1	1
7	1	1	1
8	1	1	1
9	1	1	1
10	1	1	1
11	1	1	1
12	1	1	1
13	1	1	1
14	1	1	1
15	1	1	1
16	1	1	1
17	1	1	1
18	1	1	1
19	1	1	1
20	1	1	1
21	1	1	1
22	1	1	1
23	1	1	1
24	1	1	1
25	1	1	1
26	1	1	1
27	1	1	1
28	1	1	1
29	1	1	1
30	1	1	1
31	1	1	1
32	1	1	1
33	1	1	1
34	1	1	1
35	1	1	1
36	1	1	1
37	1	1	1
38	1	1	1
39	1	1	1
40	1	1	1
41	1	1	1
42	1	1	1
43	1	1	1
44	1	1	1
45	1	1	1
46	1	1	1
47	1	1	1
48	1	1	1
49	1	1	1
50	1	1	1
51	1	1	1
52	1	1	1
53	1	1	1
54	1	1	1
55	1	1	1
56	1	1	1
57	1	1	1
58	1	1	1
59	1	1	1
60	1	1	1
61	1	1	1
62	1	1	1
63	1	1	1
64	1	1	1
65	1	1	1
66	1	1	1
67	1	1	1
68	1	1	1
69	1	1	1
70	1	1	1
71	1	1	1
72	1	1	1
73	1	1	1
74	1	1	1
75	1	1	1
1	2	1	1
2	2	1	1
3	2	1	1
4	2	1	1
5	2	1	1
6	2	1	1
7	2	1	1
8	2	1	1
9	2	1	1
10	2	1	1
11	2	1	1
12	2	1	1
13	2	1	1
14	2	1	1
15	2	1	1
16	2	1	1
17	2	1	1
18	2	1	1
19	2	1	1
20	2	1	1
21	2	1	1
22	2	1	1
23	2	1	1
24	2	1	1
25	2	1	1
26	2	1	1
27	2	1	1
28	2	1	1
29	2	1	1
30	2	1	1
31	2	1	1
32	2	1	1
33	2	1	1
34	2	1	1
35	2	1	1
36	2	1	1
37	2	1	1
38	2	1	1
39	2	1	1
40	2	1	1
41	2	1	1
42	2	1	1
43	2	1	1
44	2	1	1
45	2	1	1
46	2	1	1
47	2	1	1
48	2	1	1
49	2	1	1
50	2	1	1
51	2	1	1
52	2	1	1
53	2	1	1
54	2	1	1
55	2	1	1
56	2	1	1
57	2	1	1
58	2	1	1
59	2	1	1
60	2	1	1
61	2	1	1
62	2	1	1
63	2	1	1
64	2	1	1
65	2	1	1
66	2	1	1
67	2	1	1
68	2	1	1
69	2	1	1
70	2	1	1
71	2	1	1
72	2	1	1
73	2	1	1
74	2	1	1
75	2	1	1
1	3	1	1
2	3	1	1
3	3	1	1
4	3	1	1
5	3	1	1
6	3	1	1
7	3	1	1
8	3	1	1
9	3	1	1
10	3	1	1
11	3	1	1
12	3	1	1
13	3	1	1
14	3	1	1
15	3	1	1
16	3	1	1
17	3	1	1
18	3	1	1
19	3	1	1
20	3	1	1
21	3	1	1
22	3	1	1
23	3	1	1
24	3	1	1
25	3	1	1
26	3	1	1
27	3	1	1
28	3	1	1
29	3	1	1
30	3	1	1
31	3	1	1
32	3	1	1
33	3	1	1
34	3	1	1
35	3	1	1
36	3	1	1
37	3	1	1
38	3	1	1
39	3	1	1
40	3	1	1
41	3	1	1
42	3	1	1
43	3	1	1
44	3	1	1
45	3	1	1
46	3	1	1
47	3	1	1
48	3	1	1
49	3	1	1
50	3	1	1
51	3	1	1
52	3	1	1
53	3	1	1
54	3	1	1
55	3	1	1
56	3	1	1
57	3	1	1
58	3	1	1
59	3	1	1
60	3	1	1
61	3	1	1
62	3	1	1
63	3	1	1
64	3	1	1
65	3	1	1
66	3	1	1
67	3	1	1
68	3	1	1
69	3	1	1
70	3	1	1
71	3	1	1
72	3	1	1
73	3	1	1
74	3	1	1
75	3	1	1
1	4	1	1
2	4	1	1
3	4	1	1
4	4	1	1
5	4	1	1
6	4	1	1
7	4	1	1
8	4	1	1
9	4	1	1
10	4	1	1
11	4	1	1
12	4	1	1
13	4	1	1
14	4	1	1
15	4	1	1
16	4	1	1
17	4	1	1
18	4	1	1
19	4	1	1
20	4	1	1
21	4	1	1
22	4	1	1
23	4	1	1
24	4	1	1
25	4	1	1
26	4	1	1
27	4	1	1
28	4	1	1
29	4	1	1
30	4	1	1
31	4	1	1
32	4	1	1
33	4	1	1
34	4	1	1
35	4	1	1
36	4	1	1
37	4	1	1
38	4	1	1
39	4	1	1
40	4	1	1
41	4	1	1
42	4	1	1
43	4	1	1
44	4	1	1
45	4	1	1
46	4	1	1
47	4	1	1
48	4	1	1
49	4	1	1
50	4	1	1
51	4	1	1
52	4	1	1
53	4	1	1
54	4	1	1
55	4	1	1
56	4	1	1
57	4	1	1
58	4	1	1
59	4	1	1
60	4	1	1
61	4	1	1
62	4	1	1
63	4	1	1
64	4	1	1
65	4	1	1
66	4	1	1
67	4	1	1
68	4	1	1
69	4	1	1
70	4	1	1
71	4	1	1
72	4	1	1
73	4	1	1
74	4	1	1
75	4	1	1
1	5	1	1
2	5	1	1
3	5	1	1
4	5	1	1
5	5	1	1
6	5	1	1
7	5	1	1
8	5	1	1
9	5	1	1
10	5	1	1
11	5	1	1
12	5	1	1
13	5	1	1
14	5	1	1
15	5	1	1
16	5	1	1
17	5	1	1
18	5	1	1
19	5	1	1
20	5	1	1
21	5	1	1
22	5	1	1
23	5	1	1
24	5	1	1
25	5	1	1
26	5	1	1
27	5	1	1
28	5	1	1
29	5	1	1
30	5	1	1
31	5	1	1
32	5	1	1
33	5	1	1
34	5	1	1
35	5	1	1
36	5	1	1
37	5	1	1
38	5	1	1
39	5	1	1
40	5	1	1
41	5	1	1
42	5	1	1
43	5	1	1
44	5	1	1
45	5	1	1
46	5	1	1
47	5	1	1
48	5	1	0
49	5	1	0
50	5	1	0
51	5	1	1
52	5	1	1
53	5	1	1
54	5	1	1
55	5	1	1
56	5	1	1
57	5	1	1
58	5	1	1
59	5	1	1
60	5	1	1
61	5	1	1
62	5	1	1
63	5	1	1
64	5	1	1
65	5	1	1
66	5	1	1
67	5	1	1
68	5	1	1
69	5	1	1
70	5	1	1
71	5	1	1
72	5	1	1
73	5	1	1
74	5	1	1
75	5	1	1
1	6	1	1
2	6	1	1
3	6	1	1
4	6	1	1
5	6	1	1
6	6	1	1
7	6	1	1
8	6	1	1
9	6	1	1
10	6	1	1
11	6	1	1
12	6	1	1
13	6	1	1
14	6	1	1
15	6	1	1
16	6	1	1
17	6	1	1
18	6	1	1
19	6	1	1
20	6	1	1
21	6	1	1
22	6	1	1
23	6	1	1
24	6	1	1
25	6	1	1
26	6	1	1
27	6	1	1
28	6	1	1
29	6	1	1
30	6	1	1
31	6	1	1
32	6	1	1
33	6	1	1
34	6	1	1
35	6	1	1
36	6	1	1
37	6	1	1
38	6	1	1
39	6	1	1
40	6	1	1
41	6	1	1
42	6	1	1
43	6	1	1
44	6	1	1
45	6	1	1
46	6	1	0
47	6	1	0
48	6	1	0
49	6	1	0
50	6	1	1
51	6	1	1
52	6	1	1
53	6	1	1
54	6	1	1
55	6	1	1
56	6	1	1
57	6	1	0
58	6	1	0
59	6	1	1
60	6	1	1
61	6	1	1
62	6	1	1
63	6	1	1
64	6	1	1
65	6	1	1
66	6	1	1
67	6	1	1
68	6	1	1
69	6	1	1
70	6	1	1
71	6	1	1
72	6	1	1
73	6	1	1
74	6	1	1
75	6	1	1
1	7	1	1
2	7	1	1
3	7	1	1
4	7	1	1
5	7	1	1
6	7	1	1
7	7	1	1
8	7	1	1
9	7	1	1
10	7	1	1
11	7	1	1
12	7	1	1
13	7	1	1
14	7	1	1
15	7	1	1
16	7	1	1
17	7	1	1
18	7	1	1
19	7	1	1
20	7	1	1
21	7	1	1
22	7	1	1
23	7	1	1
24	7	1	1
25	7	1	1
26	7	1	1
27	7	1	1
28	7	1	1
29	7	1	1
30	7	1	1
31	7	1	1
32	7	1	1
33	7	1	1
34	7	1	1
35	7	1	1
36	7	1	1
37	7	1	1
38	7	1	1
39	7	1	1
40	7	1	1
41	7	1	1
42	7	1	1
43	7	1	1
44	7	1	0
45	7	1	0
46	7	1	0
47	7	1	0
48	7	1	1
49	7	1	1
50	7	1	1
51	7	1	1
52	7	1	0
53	7	1	0
54	7	1	0
55	7	1	0
56	7	1	0
57	7	1	0
58	7	1	0
59	7	1	1
60	7	1	1
61	7	1	1
62	7	1	1
63	7	1	1
64	7	1	1
65	7	1	1
66	7	1	1
67	7	1	1
68	7	1	1
69	7	1	1
70	7	1	1
71	7	1	1
72	7	1	1
73	7	1	1
74	7	1	1
75	7	1	1
1	8	1	1
2	8	1	1
3	8	1	1
4	8	1	1
5	8	1	1
6	8	1	1
7	8	1	1
8	8	1	1
9	8	1	1
10	8	1	1
11	8	1	1
12	8	1	1
13	8	1	1
14	8	1	1
15	8	1	1
16	8	1	1
17	8	1	1
18	8	1	1
19	8	1	1
20	8	1	1
21	8	1	1
22	8	1	1
23	8	1	1
24	8	1	1
25	8	1	1
26	8	1	1
27	8	1	1
28	8	1	0
29	8	1	0
30	8	1	1
31	8	1	1
32	8	1	1
33	8	1	1
34	8	1	1
35	8	1	1
36	8	1	1
37	8	1	1
38	8	1	1
39	8	1	1
40	8	1	1
41	8	1	0
42	8	1	0
43	8	1	0
44	8	1	0
45	8	1	0
46	8	1	1
47	8	1	1
48	8	1	1
49	8	1	1
50	8	1	0
51	8	1	0
52	8	1	0
53	8	1	0
54	8	1	0
55	8	1	0
56	8	1	1
57	8	1	1
58	8	1	1
59	8	1	1
60	8	1	1
61	8	1	1
62	8	1	1
63	8	1	1
64	8	1	1
65	8	1	1
66	8	1	1
67	8	1	1
68	8	1	1
69	8	1	1
70	8	1	1
71	8	1	1
72	8	1	1
73	8	1	1
74	8	1	1
75	8	1	1
1	9	1	1
2	9	1	1
3	9	1	1
4	9	1	1
5	9	1	1
6	9	1	1
7	9	1	1
8	9	1	1
9	9	1	1
10	9	1	1
11	9	1	1
12	9	1	1
13	9	1	1
14	9	1	1
15	9	1	1
16	9	1	1
17	9	1	1
18	9	1	1
19	9	1	1
20	9	1	1
21	9	1	1
22	9	1	1
23	9	1	1
24	9	1	1
25	9	1	1
26	9	1	1
27	9	1	0
28	9	1	0
29	9	1	0
30	9	1	1
31	9	1	1
32	9	1	1
33	9	1	1
34	9	1	1
35	9	1	1
36	9	1	1
37	9	1	1
38	9	1	1
39	9	1	1
40	9	1	0
41	9	1	0
42	9	1	0
43	9	1	1
44	9	1	1
45	9	1	1
46	9	1	1
47	9	1	1
48	9	1	0
49	9	1	0
50	9	1	0
51	9	1	0
52	9	1	0
53	9	1	0
54	9	1	1
55	9	1	1
56	9	1	1
57	9	1	1
58	9	1	1
59	9	1	1
60	9	1	1
61	9	1	1
62	9	1	1
63	9	1	1
64	9	1	1
65	9	1	1
66	9	1	1
67	9	1	1
68	9	1	1
69	9	1	1
70	9	1	1
71	9	1	1
72	9	1	1
73	9	1	1
74	9	1	1
75	9	1	1
1	10	1	1
2	10	1	1
3	10	1	1
4	10	1	1
5	10	1	1
6	10	1	1
7	10	1	1
8	10	1	1
9	10	1	1
10	10	1	1
11	10	1	1
12	10	1	1
13	10	1	1
14	10	1	1
15	10	1	1
16	10	1	1
17	10	1	1
18	10	1	1
19	10	1	1
20	10	1	1
21	10	1	1
22	10	1	1
23	10	1	1
24	10	1	1
25	10	1	1
26	10	1	0
27	10	1	0
28	10	1	1
29	10	1	1
30	10	1	1
31	10	1	1
32	10	1	1
33	10	1	1
34	10	1	1
35	10	1	1
36	10	1	1
37	10	1	1
38	10	1	1
39	10	1	0
40	10	1	0
41	10	1	1
42	10	1	1
43	10	1	1
44	10	1	1
45	10	1	1
46	10	1	1
47	10	1	0
48	10	1	0
49	10	1	0
50	10	1	0
51	10	1	0
52	10	1	1
53	10	1	1
54	10	1	1
55	10	1	1
56	10	1	1
57	10	1	1
58	10	1	1
59	10	1	1
60	10	1	1
61	10	1	1
62	10	1	1
63	10	1	1
64	10	1	1
65	10	1	1
66	10	1	1
67	10	1	1
68	10	1	1
69	10	1	1
70	10	1	1
71	10	1	1
72	10	1	1
73	10	1	1
74	10	1	1
75	10	1	1
1	11	1	1
2	11	1	1
3	11	1	1
4	11	1	1
5	11	1	1
6	11	1	1
7	11	1	1
8	11	1	1
9	11	1	1
10	11	1	1
11	11	1	1
12	11	1	1
13	11	1	1
14	11	1	1
15	11	1	1
16	11	1	1
17	11	1	1
18	11	1	1
19	11	1	1
20	11	1	1
21	11	1	1
22	11	1	1
23	11	1	1
24	11	1	1
25	11	1	0
26	11	1	0
27	11	1	1
28	11	1	1
29	11	1	1
30	11	1	1
31	11	1	1
32	11	1	1
33	11	1	1
34	11	1	1
35	11	1	1
36	11	1	1
37	11	1	1
38	11	1	1
39	11	1	0
40	11	1	1
41	11	1	1
42	11	1	1
43	11	1	1
44	11	1	1
45	11	1	0
46	11	1	0
47	11	1	0
48	11	1	1
49	11	1	1
50	11	1	1
51	11	1	1
52	11	1	1
53	11	1	1
54	11	1	1
55	11	1	1
56	11	1	1
57	11	1	1
58	11	1	1
59	11	1	1
60	11	1	1
61	11	1	1
62	11	1	1
63	11	1	1
64	11	1	1
65	11	1	1
66	11	1	1
67	11	1	1
68	11	1	1
69	11	1	1
70	11	1	1
71	11	1	1
72	11	1	1
73	11	1	1
74	11	1	1
75	11	1	1
1	12	1	1
2	12	1	1
3	12	1	1
4	12	1	1
5	12	1	1
6	12	1	1
7	12	1	1
8	12	1	1
9	12	1	1
10	12	1	1
11	12	1	1
12	12	1	1
13	12	1	1
14	12	1	1
15	12	1	1
16	12	1	1
17	12	1	1
18	12	1	1
19	12	1	1
20	12	1	1
21	12	1	1
22	12	1	1
23	12	1	1
24	12	1	0
25	12	1	0
26	12	1	1
27	12	1	1
28	12	1	1
29	12	1	1
30	12	1	1
31	12	1	1
32	12	1	1
33	12	1	1
34	12	1	1
35	12	1	1
36	12	1	1
37	12	1	1
38	12	1	0
39	12	1	0
40	12	1	1
41	12	1	1
42	12	1	1
43	12	1	1
44	12	1	0
45	12	1	0
46	12	1	1
47	12	1	1
48	12	1	1
49	12	1	1
50	12	1	1
51	12	1	1
52	12	1	1
53	12	1	1
54	12	1	1
55	12	1	1
56	12	1	1
57	12	1	1
58	12	1	1
59	12	1	1
60	12	1	1
61	12	1	1
62	12	1	1
63	12	1	0
64	12	1	0
65	12	1	0
66	12	1	1
67	12	1	1
68	12	1	1
69	12	1	1
70	12	1	1
71	12	1	1
72	12	1	1
73	12	1	1
74	12	1	1
75	12	1	1
1	13	1	1
2	13	1	1
3	13	1	1
4	13	1	1
5	13	1	1
6	13	1	1
7	13	1	1
8	13	1	1
9	13	1	1
10	13	1	1
11	13	1	1
12	13	1	1
13	13	1	1
14	13	1	1
15	13	1	1
16	13	1	1
17	13	1	1
18	13	1	1
19	13	1	1
20	13	1	1
21	13	1	1
22	13	1	1
23	13	1	0
24	13	1	0
25	13	1	1
26	13	1	1
27	13	1	1
28	13	1	1
29	13	1	1
30	13	1	1
31	13	1	1
32	13	1	1
33	13	1	1
34	13	1	1
35	13	1	1
36	13	1	1
37	13	1	0
38	13	1	0
39	13	1	1
40	13	1	1
41	13	1	1
42	13	1	1
43	13	1	0
44	13	1	0
45	13	1	1
46	13	1	1
47	13	1	1
48	13	1	1
49	13	1	1
50	13	1	1
51	13	1	1
52	13	1	1
53	13	1	1
54	13	1	1
55	13	1	1
56	13	1	1
57	13	1	1
58	13	1	1
59	13	1	1
60	13	1	1
61	13	1	0
62	13	1	0
63	13	1	0
64	13	1	0
65	13	1	1
66	13	1	1
67	13	1	1
68	13	1	1
69	13	1	1
70	13	1	1
71	13	1	1
72	13	1	1
73	13	1	1
74	13	1	1
75	13	1	1
1	14	1	1
2	14	1	1
3	14	1	1
4	14	1	1
5	14	1	1
6	14	1	1
7	14	1	1
8	14	1	1
9	14	1	1
10	14	1	1
11	14	1	1
12	14	1	1
13	14	1	1
14	14	1	1
15	14	1	1
16	14	1	1
17	14	1	1
18	14	1	1
19	14	1	1
20	14	1	1
21	14	1	1
22	14	1	0
23	14	1	0
24	14	1	1
25	14	1	1
26	14	1	1
27	14	1	1
28	14	1	1
29	14	1	1
30	14	1	1
31	14	1	1
32	14	1	1
33	14	1	1
34	14	1	1
35	14	1	1
36	14	1	0
37	14	1	0
38	14	1	1
39	14	1	1
40	14	1	1
41	14	1	0
42	14	1	0
43	14	1	1
44	14	1	1
45	14	1	1
46	14	1	1
47	14	1	1
48	14	1	1
49	14	1	1
50	14	1	1
51	14	1	1
52	14	1	1
53	14	1	1
54	14	1	1
55	14	1	1
56	14	1	1
57	14	1	1
58	14	1	1
59	14	1	0
60	14	1	0
61	14	1	0
62	14	1	0
63	14	1	1
64	14	1	1
65	14	1	1
66	14	1	0
67	14	1	0
68	14	1	1
69	14	1	1
70	14	1	1
71	14	1	1
72	14	1	1
73	14	1	1
74	14	1	1
75	14	1	1
1	15	1	1
2	15	1	1
3	15	1	1
4	15	1	1
5	15	1	1
6	15	1	1
7	15	1	1
8	15	1	1
9	15	1	1
10	15	1	1
11	15	1	1
12	15	1	1
13	15	1	1
14	15	1	1
15	15	1	1
16	15	1	1
17	15	1	1
18	15	1	1
19	15	1	1
20	15	1	1
21	15	1	0
22	15	1	0
23	15	1	1
24	15	1	1
25	15	1	1
26	15	1	1
27	15	1	1
28	15	1	1
29	15	1	1
30	15	1	1
31	15	1	1
32	15	1	1
33	15	1	1
34	15	1	1
35	15	1	0
36	15	1	0
37	15	1	1
38	15	1	1
39	15	1	1
40	15	1	1
41	15	1	0
42	15	1	1
43	15	1	1
44	15	1	1
45	15	1	1
46	15	1	1
47	15	1	1
48	15	1	1
49	15	1	1
50	15	1	1
51	15	1	1
52	15	1	1
53	15	1	1
54	15	1	1
55	15	1	1
56	15	1	1
57	15	1	0
58	15	1	0
59	15	1	0
60	15	1	1
61	15	1	1
62	15	1	1
63	15	1	1
64	15	1	1
65	15	1	0
66	15	1	0
67	15	1	1
68	15	1	1
69	15	1	1
70	15	1	1
71	15	1	0
72	15	1	0
73	15	1	1
74	15	1	1
75	15	1	1
1	16	1	1
2	16	1	1
3	16	1	1
4	16	1	1
5	16	1	1
6	16	1	1
7	16	1	1
8	16	1	1
9	16	1	1
10	16	1	1
11	16	1	1
12	16	1	1
13	16	1	1
14	16	1	1
15	16	1	1
16	16	1	1
17	16	1	1
18	16	1	1
19	16	1	1
20	16	1	1
21	16	1	0
22	16	1	1
23	16	1	1
24	16	1	1
25	16	1	1
26	16	1	1
27	16	1	1
28	16	1	1
29	16	1	1
30	16	1	1
31	16	1	1
32	16	1	1
33	16	1	1
34	16	1	0
35	16	1	0
36	16	1	1
37	16	1	1
38	16	1	1
39	16	1	0
40	16	1	0
41	16	1	1
42	16	1	1
43	16	1	1
44	16	1	1
45	16	1	1
46	16	1	1
47	16	1	1
48	16	1	1
49	16	1	1
50	16	1	1
51	16	1	1
52	16	1	1
53	16	1	1
54	16	1	1
55	16	1	0
56	16	1	0
57	16	1	0
58	16	1	1
59	16	1	1
60	16	1	1
61	16	1	1
62	16	1	1
63	16	1	0
64	16	1	0
65	16	1	0
66	16	1	1
67	16	1	1
68	16	1	1
69	16	1	1
70	16	1	0
71	16	1	0
72	16	1	1
73	16	1	1
74	16	1	1
75	16	1	1
1	17	1	1
2	17	1	1
3	17	1	1
4	17	1	1
5	17	1	1
6	17	1	1
7	17	1	1
8	17	1	1
9	17	1	1
10	17	1	1
11	17	1	1
12	17	1	1
13	17	1	1
14	17	1	1
15	17	1	1
16	17	1	1
17	17	1	1
18	17	1	1
19	17	1	1
20	17	1	0
21	17	1	0
22	17	1	1
23	17	1	1
24	17	1	1
25	17	1	1
26	17	1	1
27	17	1	1
28	17	1	1
29	17	1	1
30	17	1	1
31	17	1	1
32	17	1	1
33	17	1	0
34	17	1	0
35	17	1	1
36	17	1	1
37	17	1	1
38	17	1	0
39	17	1	0
40	17	1	1
41	17	1	1
42	17	1	1
43	17	1	1
44	17	1	1
45	17	1	1
46	17	1	1
47	17	1	1
48	17	1	1
49	17	1	1
50	17	1	1
51	17	1	1
52	17	1	1
53	17	1	1
54	17	1	1
55	17	1	0
56	17	1	0
57	17	1	1
58	17	1	1
59	17	1	1
60	17	1	1
61	17	1	1
62	17	1	0
63	17	1	0
64	17	1	1
65	17	1	1
66	17	1	1
67	17	1	1
68	17	1	1
69	17	1	1
70	17	1	0
71	17	1	0
72	17	1	1
73	17	1	1
74	17	1	1
75	17	1	1
1	18	1	1
2	18	1	1
3	18	1	1
4	18	1	1
5	18	1	1
6	18	1	1
7	18	1	1
8	18	1	1
9	18	1	1
10	18	1	1
11	18	1	1
12	18	1	1
13	18	1	1
14	18	1	1
15	18	1	1
16	18	1	1
17	18	1	1
18	18	1	1
19	18	1	0
20	18	1	0
21	18	1	1
22	18	1	1
23	18	1	1
24	18	1	1
25	18	1	1
26	18	1	1
27	18	1	1
28	18	1	1
29	18	1	1
30	18	1	1
31	18	1	0
32	18	1	0
33	18	1	1
34	18	1	1
35	18	1	1
36	18	1	1
37	18	1	0
38	18	1	0
39	18	1	1
40	18	1	1
41	18	1	1
42	18	1	1
43	18	1	1
44	18	1	1
45	18	1	1
46	18	1	1
47	18	1	1
48	18	1	1
49	18	1	1
50	18	1	1
51	18	1	1
52	18	1	1
53	18	1	1
54	18	1	1
55	18	1	1
56	18	1	1
57	18	1	1
58	18	1	1
59	18	1	1
60	18	1	0
61	18	1	0
62	18	1	0
63	18	1	1
64	18	1	1
65	18	1	1
66	18	1	1
67	18	1	1
68	18	1	1
69	18	1	0
70	18	1	0
71	18	1	1
72	18	1	1
73	18	1	1
74	18	1	1
75	18	1	1
1	19	1	1
2	19	1	1
3	19	1	1
4	19	1	1
5	19	1	1
6	19	1	1
7	19	1	1
8	19	1	1
9	19	1	1
10	19	1	1
11	19	1	1
12	19	1	1
13	19	1	1
14	19	1	1
15	19	1	1
16	19	1	1
17	19	1	1
18	19	1	1
19	19	1	0
20	19	1	1
21	19	1	1
22	19	1	1
23	19	1	1
24	19	1	1
25	19	1	1
26	19	1	1
27	19	1	1
28	19	1	1
29	19	1	1
30	19	1	0
31	19	1	0
32	19	1	1
33	19	1	1
34	19	1	1
35	19	1	1
36	19	1	0
37	19	1	0
38	19	1	1
39	19	1	1
40	19	1	1
41	19	1	1
42	19	1	1
43	19	1	1
44	19	1	1
45	19	1	1
46	19	1	1
47	19	1	1
48	19	1	1
49	19	1	1
50	19	1	1
51	19	1	1
52	19	1	1
53	19	1	1
54	19	1	1
55	19	1	1
56	19	1	1
57	19	1	1
58	19	1	0
59	19	1	0
60	19	1	0
61	19	1	1
62	19	1	1
63	19	1	1
64	19	1	1
65	19	1	1
66	19	1	1
67	19	1	1
68	19	1	0
69	19	1	0
70	19	1	1
71	19	1	1
72	19	1	1
73	19	1	1
74	19	1	1
75	19	1	1
1	20	1	1
2	20	1	1
3	20	1	1
4	20	1	1
5	20	1	1
6	20	1	1
7	20	1	1
8	20	1	1
9	20	1	1
10	20	1	1
11	20	1	1
12	20	1	1
13	20	1	1
14	20	1	1
15	20	1	1
16	20	1	1
17	20	1	1
18	20	1	0
19	20	1	0
20	20	1	1
21	20	1	1
22	20	1	1
23	20	1	1
24	20	1	1
25	20	1	1
26	20	1	1
27	20	1	1
28	20	1	1
29	20	1	1
30	20	1	0
31	20	1	1
32	20	1	1
33	20	1	1
34	20	1	1
35	20	1	0
36	20	1	0
37	20	1	1
38	20	1	1
39	20	1	1
40	20	1	1
41	20	1	1
42	20	1	1
43	20	1	1
44	20	1	1
45	20	1	1
46	20	1	1
47	20	1	1
48	20	1	1
49	20	1	1
50	20	1	1
51	20	1	1
52	20	1	1
53	20	1	1
54	20	1	1
55	20	1	1
56	20	1	1
57	20	1	0
58	20	1	0
59	20	1	0
60	20	1	1
61	20	1	1
62	20	1	1
63	20	1	1
64	20	1	1
65	20	1	1
66	20	1	0
67	20	1	0
68	20	1	0
69	20	1	1
70	20	1	1
71	20	1	1
72	20	1	1
73	20	1	1
74	20	1	1
75	20	1	1
1	21	1	1
2	21	1	1
3	21	1	1
4	21	1	1
5	21	1	1
6	21	1	1
7	21	1	1
8	21	1	1
9	21	1	1
10	21	1	1
11	21	1	1
12	21	1	1
13	21	1	1
14	21	1	1
15	21	1	1
16	21	1	1
17	21	1	1
18	21	1	0
19	21	1	1
20	21	1	1
21	21	1	1
22	21	1	1
23	21	1	1
24	21	1	1
25	21	1	1
26	21	1	1
27	21	1	1
28	21	1	1
29	21	1	0
30	21	1	0
31	21	1	1
32	21	1	1
33	21	1	1
34	21	1	0
35	21	1	0
36	21	1	1
37	21	1	1
38	21	1	1
39	21	1	1
40	21	1	1
41	21	1	1
42	21	1	1
43	21	1	1
44	21	1	1
45	21	1	1
46	21	1	1
47	21	1	1
48	21	1	1
49	21	1	1
50	21	1	1
51	21	1	1
52	21	1	1
53	21	1	1
54	21	1	1
55	21	1	0
56	21	1	0
57	21	1	0
58	21	1	1
59	21	1	1
60	21	1	1
61	21	1	1
62	21	1	1
63	21	1	1
64	21	1	1
65	21	1	0
66	21	1	0
67	21	1	0
68	21	1	1
69	21	1	1
70	21	1	1
71	21	1	1
72	21	1	1
73	21	1	1
74	21	1	1
75	21	1	1
1	22	1	1
2	22	1	1
3	22	1	1
4	22	1	1
5	22	1	1
6	22	1	1
7	22	1	1
8	22	1	1
9	22	1	1
10	22	1	1
11	22	1	1
12	22	1	1
13	22	1	1
14	22	1	1
15	22	1	1
16	22	1	1
17	22	1	1
18	22	1	0
19	22	1	1
20	22	1	1
21	22	1	1
22	22	1	1
23	22	1	1
24	22	1	1
25	22	1	1
26	22	1	1
27	22	1	1
28	22	1	0
29	22	1	0
30	22	1	1
31	22	1	1
32	22	1	1
33	22	1	0
34	22	1	0
35	22	1	1
36	22	1	1
37	22	1	1
38	22	1	1
39	22	1	1
40	22	1	1
41	22	1	1
42	22	1	1
43	22	1	1
44	22	1	1
45	22	1	1
46	22	1	1
47	22	1	1
48	22	1	1
49	22	1	1
50	22	1	1
51	22	1	0
52	22	1	1
53	22	1	1
54	22	1	0
55	22	1	0
56	22	1	1
57	22	1	1
58	22	1	1
59	22	1	1
60	22	1	1
61	22	1	1
62	22	1	1
63	22	1	0
64	22	1	0
65	22	1	0
66	22	1	1
67	22	1	1
68	22	1	1
69	22	1	1
70	22	1	1
71	22	1	1
72	22	1	1
73	22	1	1
74	22	1	1
75	22	1	1
1	23	1	1
2	23	1	1
3	23	1	1
4	23	1	1
5	23	1	1
6	23	1	1
7	23	1	1
8	23	1	1
9	23	1	1
10	23	1	1
11	23	1	1
12	23	1	1
13	23	1	1
14	23	1	1
15	23	1	1
16	23	1	1
17	23	1	1
18	23	1	0
19	23	1	1
20	23	1	1
21	23	1	1
22	23	1	1
23	23	1	1
24	23	1	1
25	23	1	1
26	23	1	0
27	23	1	0
28	23	1	0
29	23	1	1
30	23	1	1
31	23	1	1
32	23	1	1
33	23	1	0
34	23	1	1
35	23	1	1
36	23	1	1
37	23	1	1
38	23	1	1
39	23	1	1
40	23	1	1
41	23	1	1
42	23	1	1
43	23	1	1
44	23	1	1
45	23	1	1
46	23	1	1
47	23	1	0
48	23	1	0
49	23	1	0
50	23	1	0
51	23	1	0
52	23	1	0
53	23	1	0
54	23	1	0
55	23	1	1
56	23	1	1
57	23	1	1
58	23	1	1
59	23	1	1
60	23	1	1
61	23	1	1
62	23	1	0
63	23	1	0
64	23	1	0
65	23	1	1
66	23	1	1
67	23	1	1
68	23	1	1
69	23	1	1
70	23	1	1
71	23	1	1
72	23	1	1
73	23	1	1
74	23	1	1
75	23	1	1
1	24	1	1
2	24	1	1
3	24	1	1
4	24	1	1
5	24	1	1
6	24	1	1
7	24	1	1
8	24	1	1
9	24	1	1
10	24	1	1
11	24	1	1
12	24	1	1
13	24	1	1
14	24	1	1
15	24	1	1
16	24	1	1
17	24	1	0
18	24	1	0
19	24	1	1
20	24	1	1
21	24	1	1
22	24	1	1
23	24	1	1
24	24	1	0
25	24	1	0
26	24	1	0
27	24	1	0
28	24	1	0
29	24	1	1
30	24	1	1
31	24	1	1
32	24	1	0
33	24	1	0
34	24	1	1
35	24	1	1
36	24	1	1
37	24	1	1
38	24	1	1
39	24	1	1
40	24	1	1
41	24	1	1
42	24	1	1
43	24	1	1
44	24	1	1
45	24	1	0
46	24	1	0
47	24	1	0
48	24	1	0
49	24	1	0
50	24	1	0
51	24	1	0
52	24	1	0
53	24	1	1
54	24	1	1
55	24	1	1
56	24	1	1
57	24	1	1
58	24	1	1
59	24	1	1
60	24	1	0
61	24	1	0
62	24	1	0
63	24	1	1
64	24	1	1
65	24	1	1
66	24	1	1
67	24	1	1
68	24	1	1
69	24	1	1
70	24	1	1
71	24	1	1
72	24	1	1
73	24	1	1
74	24	1	1
75	24	1	1
1	25	1	1
2	25	1	1
3	25	1	1
4	25	1	1
5	25	1	1
6	25	1	1
7	25	1	1
8	25	1	1
9	25	1	1
10	25	1	1
11	25	1	1
12	25	1	1
13	25	1	1
14	25	1	1
15	25	1	1
16	25	1	1
17	25	1	0
18	25	1	0
19	25	1	1
20	25	1	1
21	25	1	1
22	25	1	0
23	25	1	0
24	25	1	0
25	25	1	1
26	25	1	0
27	25	1	0
28	25	1	1
29	25	1	1
30	25	1	1
31	25	1	0
32	25	1	0
33	25	1	1
34	25	1	1
35	25	1	1
36	25	1	1
37	25	1	1
38	25	1	1
39	25	1	1
40	25	1	1
41	25	1	1
42	25	1	1
43	25	1	0
44	25	1	0
45	25	1	0
46	25	1	1
47	25	1	1
48	25	1	0
49	25	1	0
50	25	1	0
51	25	1	1
52	25	1	1
53	25	1	1
54	25	1	1
55	25	1	1
56	25	1	1
57	25	1	1
58	25	1	0
59	25	1	0
60	25	1	0
61	25	1	1
62	25	1	1
63	25	1	1
64	25	1	1
65	25	1	1
66	25	1	1
67	25	1	1
68	25	1	1
69	25	1	1
70	25	1	1
71	25	1	1
72	25	1	1
73	25	1	1
74	25	1	1
75	25	1	1
1	26	1	1
2	26	1	1
3	26	1	1
4	26	1	1
5	26	1	1
6	26	1	1
7	26	1	1
8	26	1	1
9	26	1	1
10	26	1	1
11	26	1	1
12	26	1	1
13	26	1	1
14	26	1	1
15	26	1	1
16	26	1	1
17	26	1	0
18	26	1	0
19	26	1	1
20	26	1	0
21	26	1	0
22	26	1	0
23	26	1	1
24	26	1	1
25	26	1	0
26	26	1	0
27	26	1	1
28	26	1	1
29	26	1	1
30	26	1	1
31	26	1	0
32	26	1	1
33	26	1	1
34	26	1	1
35	26	1	1
36	26	1	1
37	26	1	1
38	26	1	1
39	26	1	1
40	26	1	1
41	26	1	0
42	26	1	0
43	26	1	0
44	26	1	1
45	26	1	1
46	26	1	1
47	26	1	0
48	26	1	0
49	26	1	0
50	26	1	1
51	26	1	0
52	26	1	0
53	26	1	0
54	26	1	0
55	26	1	0
56	26	1	0
57	26	1	0
58	26	1	0
59	26	1	1
60	26	1	1
61	26	1	1
62	26	1	1
63	26	1	1
64	26	1	1
65	26	1	1
66	26	1	1
67	26	1	1
68	26	1	1
69	26	1	1
70	26	1	1
71	26	1	1
72	26	1	1
73	26	1	1
74	26	1	1
75	26	1	1
1	27	1	1
2	27	1	1
3	27	1	1
4	27	1	1
5	27	1	1
6	27	1	1
7	27	1	1
8	27	1	1
9	27	1	1
10	27	1	1
11	27	1	1
12	27	1	1
13	27	1	1
14	27	1	1
15	27	1	1
16	27	1	1
17	27	1	0
18	27	1	0
19	27	1	0
20	27	1	0
21	27	1	1
22	27	1	1
23	27	1	0
24	27	1	0
25	27	1	0
26	27	1	1
27	27	1	1
28	27	1	1
29	27	1	1
30	27	1	0
31	27	1	0
32	27	1	1
33	27	1	1
34	27	1	1
35	27	1	1
36	27	1	1
37	27	1	1
38	27	1	1
39	27	1	1
40	27	1	0
41	27	1	0
42	27	1	1
43	27	1	1
44	27	1	0
45	27	1	0
46	27	1	0
47	27	1	0
48	27	1	0
49	27	1	0
50	27	1	0
51	27	1	0
52	27	1	0
53	27	1	0
54	27	1	1
55	27	1	1
56	27	1	1
57	27	1	1
58	27	1	1
59	27	1	1
60	27	1	1
61	27	1	1
62	27	1	1
63	27	1	1
64	27	1	1
65	27	1	1
66	27	1	1
67	27	1	1
68	27	1	1
69	27	1	1
70	27	1	1
71	27	1	1
72	27	1	1
73	27	1	1
74	27	1	1
75	27	1	1
1	28	1	1
2	28	1	1
3	28	1	1
4	28	1	1
5	28	1	1
6	28	1	1
7	28	1	1
8	28	1	1
9	28	1	1
10	28	1	1
11	28	1	1
12	28	1	1
13	28	1	1
14	28	1	1
15	28	1	1
16	28	1	1
17	28	1	0
18	28	1	0
19	28	1	1
20	28	1	1
21	28	1	1
22	28	1	0
23	28	1	0
24	28	1	1
25	28	1	1
26	28	1	1
27	28	1	1
28	28	1	1
29	28	1	0
30	28	1	0
31	28	1	1
32	28	1	1
33	28	1	1
34	28	1	1
35	28	1	1
36	28	1	1
37	28	1	1
38	28	1	0
39	28	1	0
40	28	1	0
41	28	1	1
42	28	1	0
43	28	1	0
44	28	1	0
45	28	1	0
46	28	1	0
47	28	1	0
48	28	1	1
49	28	1	1
50	28	1	1
51	28	1	1
52	28	1	1
53	28	1	1
54	28	1	1
55	28	1	1
56	28	1	1
57	28	1	1
58	28	1	0
59	28	1	1
60	28	1	1
61	28	1	1
62	28	1	1
63	28	1	1
64	28	1	1
65	28	1	1
66	28	1	1
67	28	1	1
68	28	1	1
69	28	1	1
70	28	1	1
71	28	1	1
72	28	1	1
73	28	1	1
74	28	1	1
75	28	1	1
1	29	1	1
2	29	1	1
3	29	1	1
4	29	1	1
5	29	1	1
6	29	1	1
7	29	1	1
8	29	1	1
9	29	1	1
10	29	1	1
11	29	1	1
12	29	1	1
13	29	1	1
14	29	1	1
15	29	1	1
16	29	1	1
17	29	1	0
18	29	1	0
19	29	1	1
20	29	1	1
21	29	1	0
22	29	1	0
23	29	1	1
24	29	1	1
25	29	1	1
26	29	1	1
27	29	1	1
28	29	1	0
29	29	1	0
30	29	1	1
31	29	1	1
32	29	1	1
33	29	1	1
34	29	1	1
35	29	1	1
36	29	1	1
37	29	1	0
38	29	1	0
39	29	1	0
40	29	1	0
41	29	1	0
42	29	1	0
43	29	1	0
44	29	1	0
45	29	1	0
46	29	1	1
47	29	1	1
48	29	1	1
49	29	1	1
50	29	1	1
51	29	1	1
52	29	1	1
53	29	1	1
54	29	1	1
55	29	1	1
56	29	1	1
57	29	1	0
58	29	1	0
59	29	1	1
60	29	1	1
61	29	1	1
62	29	1	1
63	29	1	1
64	29	1	1
65	29	1	1
66	29	1	1
67	29	1	1
68	29	1	1
69	29	1	1
70	29	1	1
71	29	1	1
72	29	1	1
73	29	1	1
74	29	1	1
75	29	1	1
1	30	1	1
2	30	1	1
3	30	1	1
4	30	1	1
5	30	1	1
6	30	1	1
7	30	1	1
8	30	1	1
9	30	1	1
10	30	1	1
11	30	1	1
12	30	1	1
13	30	1	1
14	30	1	1
15	30	1	1
16	30	1	1
17	30	1	0
18	30	1	0
19	30	1	1
20	30	1	1
21	30	1	0
22	30	1	1
23	30	1	1
24	30	1	1
25	30	1	1
26	30	1	1
27	30	1	0
28	30	1	0
29	30	1	1
30	30	1	1
31	30	1	1
32	30	1	1
33	30	1	1
34	30	1	1
35	30	1	1
36	30	1	0
37	30	1	0
38	30	1	0
39	30	1	0
40	30	1	0
41	30	1	0
42	30	1	0
43	30	1	1
44	30	1	1
45	30	1	1
46	30	1	1
47	30	1	1
48	30	1	1
49	30	1	1
50	30	1	1
51	30	1	1
52	30	1	1
53	30	1	1
54	30	1	1
55	30	1	1
56	30	1	0
57	30	1	0
58	30	1	1
59	30	1	1
60	30	1	1
61	30	1	1
62	30	1	1
63	30	1	1
64	30	1	1
65	30	1	1
66	30	1	1
67	30	1	1
68	30	1	1
69	30	1	1
70	30	1	1
71	30	1	1
72	30	1	1
73	30	1	1
74	30	1	1
75	30	1	1
1	31	1	1
2	31	1	1
3	31	1	1
4	31	1	1
5	31	1	1
6	31	1	1
7	31	1	1
8	31	1	1
9	31	1	1
10	31	1	1
11	31	1	1
12	31	1	1
13	31	1	1
14	31	1	1
15	31	1	1
16	31	1	1
17	31	1	0
18	31	1	0
19	31	1	1
20	31	1	0
21	31	1	0
22	31	1	1
23	31	1	1
24	31	1	1
25	31	1	1
26	31	1	0
27	31	1	0
28	31	1	1
29	31	1	1
30	31	1	0
31	31	1	0
32	31	1	1
33	31	1	1
34	31	1	0
35	31	1	0
36	31	1	0
37	31	1	0
38	31	1	0
39	31	1	0
40	31	1	0
41	31	1	1
42	31	1	1
43	31	1	1
44	31	1	1
45	31	1	1
46	31	1	1
47	31	1	1
48	31	1	1
49	31	1	1
50	31	1	1
51	31	1	1
52	31	1	1
53	31	1	1
54	31	1	1
55	31	1	0
56	31	1	0
57	31	1	1
58	31	1	1
59	31	1	1
60	31	1	1
61	31	1	1
62	31	1	1
63	31	1	1
64	31	1	1
65	31	1	1
66	31	1	1
67	31	1	1
68	31	1	1
69	31	1	1
70	31	1	1
71	31	1	1
72	31	1	1
73	31	1	1
74	31	1	1
75	31	1	1
1	32	1	1
2	32	1	1
3	32	1	1
4	32	1	1
5	32	1	1
6	32	1	1
7	32	1	1
8	32	1	1
9	32	1	1
10	32	1	1
11	32	1	1
12	32	1	1
13	32	1	1
14	32	1	1
15	32	1	1
16	32	1	1
17	32	1	0
18	32	1	0
19	32	1	0
20	32	1	0
21	32	1	1
22	32	1	1
23	32	1	1
24	32	1	0
25	32	1	0
26	32	1	0
27	32	1	1
28	32	1	1
29	32	1	0
30	32	1	0
31	32	1	1
32	32	1	1
33	32	1	0
34	32	1	0
35	32	1	0
36	32	1	0
37	32	1	0
38	32	1	0
39	32	1	1
40	32	1	1
41	32	1	1
42	32	1	1
43	32	1	1
44	32	1	1
45	32	1	1
46	32	1	1
47	32	1	1
48	32	1	1
49	32	1	1
50	32	1	1
51	32	1	1
52	32	1	1
53	32	1	1
54	32	1	0
55	32	1	0
56	32	1	1
57	32	1	1
58	32	1	1
59	32	1	1
60	32	1	1
61	32	1	1
62	32	1	1
63	32	1	0
64	32	1	0
65	32	1	1
66	32	1	1
67	32	1	1
68	32	1	1
69	32	1	1
70	32	1	1
71	32	1	1
72	32	1	1
73	32	1	1
74	32	1	1
75	32	1	1
1	33	1	1
2	33	1	1
3	33	1	1
4	33	1	1
5	33	1	1
6	33	1	1
7	33	1	1
8	33	1	1
9	33	1	1
10	33	1	1
11	33	1	1
12	33	1	1
13	33	1	1
14	33	1	1
15	33	1	1
16	33	1	1
17	33	1	0
18	33	1	0
19	33	1	0
20	33	1	1
21	33	1	1
22	33	1	1
23	33	1	0
24	33	1	0
25	33	1	1
26	33	1	1
27	33	1	1
28	33	1	0
29	33	1	0
30	33	1	1
31	33	1	1
32	33	1	0
33	33	1	0
34	33	1	1
35	33	1	0
36	33	1	0
37	33	1	1
38	33	1	1
39	33	1	1
40	33	1	1
41	33	1	1
42	33	1	1
43	33	1	1
44	33	1	1
45	33	1	1
46	33	1	1
47	33	1	1
48	33	1	1
49	33	1	1
50	33	1	1
51	33	1	1
52	33	1	0
53	33	1	0
54	33	1	0
55	33	1	1
56	33	1	1
57	33	1	1
58	33	1	1
59	33	1	1
60	33	1	1
61	33	1	1
62	33	1	1
63	33	1	0
64	33	1	0
65	33	1	1
66	33	1	1
67	33	1	1
68	33	1	1
69	33	1	1
70	33	1	1
71	33	1	1
72	33	1	1
73	33	1	1
74	33	1	1
75	33	1	1
1	34	1	1
2	34	1	1
3	34	1	1
4	34	1	1
5	34	1	1
6	34	1	1
7	34	1	1
8	34	1	1
9	34	1	1
10	34	1	1
11	34	1	1
12	34	1	1
13	34	1	1
14	34	1	1
15	34	1	1
16	34	1	1
17	34	1	0
18	34	1	0
19	34	1	1
20	34	1	1
21	34	1	1
22	34	1	0
23	34	1	0
24	34	1	1
25	34	1	1
26	34	1	1
27	34	1	0
28	34	1	0
29	34	1	1
30	34	1	1
31	34	1	0
32	34	1	0
33	34	1	1
34	34	1	0
35	34	1	0
36	34	1	1
37	34	1	1
38	34	1	1
39	34	1	1
40	34	1	1
41	34	1	1
42	34	1	1
43	34	1	1
44	34	1	1
45	34	1	1
46	34	1	1
47	34	1	0
48	34	1	0
49	34	1	0
50	34	1	0
51	34	1	0
52	34	1	0
53	34	1	1
54	34	1	1
55	34	1	1
56	34	1	1
57	34	1	1
58	34	1	1
59	34	1	1
60	34	1	1
61	34	1	1
62	34	1	0
63	34	1	0
64	34	1	1
65	34	1	1
66	34	1	1
67	34	1	1
68	34	1	1
69	34	1	1
70	34	1	1
71	34	1	1
72	34	1	1
73	34	1	1
74	34	1	1
75	34	1	1
1	35	1	1
2	35	1	1
3	35	1	1
4	35	1	1
5	35	1	1
6	35	1	1
7	35	1	1
8	35	1	1
9	35	1	1
10	35	1	1
11	35	1	1
12	35	1	1
13	35	1	1
14	35	1	1
15	35	1	1
16	35	1	1
17	35	1	0
18	35	1	1
19	35	1	1
20	35	1	1
21	35	1	0
22	35	1	0
23	35	1	1
24	35	1	1
25	35	1	1
26	35	1	0
27	35	1	0
28	35	1	1
29	35	1	1
30	35	1	0
31	35	1	0
32	35	1	1
33	35	1	0
34	35	1	0
35	35	1	1
36	35	1	1
37	35	1	1
38	35	1	1
39	35	1	1
40	35	1	1
41	35	1	1
42	35	1	1
43	35	1	0
44	35	1	0
45	35	1	0
46	35	1	0
47	35	1	0
48	35	1	0
49	35	1	0
50	35	1	0
51	35	1	0
52	35	1	0
53	35	1	0
54	35	1	1
55	35	1	1
56	35	1	1
57	35	1	1
58	35	1	1
59	35	1	1
60	35	1	1
61	35	1	0
62	35	1	0
63	35	1	0
64	35	1	1
65	35	1	1
66	35	1	1
67	35	1	1
68	35	1	1
69	35	1	1
70	35	1	1
71	35	1	1
72	35	1	1
73	35	1	1
74	35	1	1
75	35	1	1
1	36	1	1
2	36	1	1
3	36	1	1
4	36	1	1
5	36	1	1
6	36	1	1
7	36	1	1
8	36	1	1
9	36	1	1
10	36	1	1
11	36	1	1
12	36	1	1
13	36	1	1
14	36	1	1
15	36	1	1
16	36	1	1
17	36	1	0
18	36	1	1
19	36	1	1
20	36	1	0
21	36	1	0
22	36	1	1
23	36	1	1
24	36	1	1
25	36	1	0
26	36	1	0
27	36	1	1
28	36	1	1
29	36	1	1
30	36	1	0
31	36	1	1
32	36	1	0
33	36	1	0
34	36	1	1
35	36	1	1
36	36	1	1
37	36	1	1
38	36	1	1
39	36	1	1
40	36	1	1
41	36	1	0
42	36	1	0
43	36	1	0
44	36	1	0
45	36	1	0
46	36	1	0
47	36	1	1
48	36	1	1
49	36	1	1
50	36	1	1
51	36	1	1
52	36	1	0
53	36	1	0
54	36	1	0
55	36	1	0
56	36	1	0
57	36	1	0
58	36	1	0
59	36	1	0
60	36	1	0
61	36	1	0
62	36	1	0
63	36	1	0
64	36	1	1
65	36	1	1
66	36	1	1
67	36	1	1
68	36	1	1
69	36	1	1
70	36	1	1
71	36	1	1
72	36	1	1
73	36	1	1
74	36	1	1
75	36	1	1
1	37	1	1
2	37	1	1
3	37	1	1
4	37	1	1
5	37	1	1
6	37	1	1
7	37	1	1
8	37	1	1
9	37	1	1
10	37	1	1
11	37	1	1
12	37	1	1
13	37	1	1
14	37	1	1
15	37	1	1
16	37	1	0
17	37	1	0
18	37	1	1
19	37	1	1
20	37	1	0
21	37	1	1
22	37	1	1
23	37	1	1
24	37	1	1
25	37	1	0
26	37	1	1
27	37	1	1
28	37	1	1
29	37	1	0
30	37	1	0
31	37	1	1
32	37	1	0
33	37	1	1
34	37	1	1
35	37	1	1
36	37	1	0
37	37	1	0
38	37	1	0
39	37	1	0
40	37	1	0
41	37	1	0
42	37	1	0
43	37	1	0
44	37	1	1
45	37	1	1
46	37	1	1
47	37	1	1
48	37	1	1
49	37	1	1
50	37	1	1
51	37	1	1
52	37	1	1
53	37	1	1
54	37	1	1
55	37	1	0
56	37	1	0
57	37	1	0
58	37	1	0
59	37	1	0
60	37	1	0
61	37	1	0
62	37	1	0
63	37	1	1
64	37	1	1
65	37	1	1
66	37	1	1
67	37	1	1
68	37	1	1
69	37	1	1
70	37	1	1
71	37	1	1
72	37	1	1
73	37	1	1
74	37	1	1
75	37	1	1
1	38	1	1
2	38	1	1
3	38	1	1
4	38	1	1
5	38	1	1
6	38	1	1
7	38	1	1
8	38	1	1
9	38	1	1
10	38	1	1
11	38	1	1
12	38	1	1
13	38	1	1
14	38	1	1
15	38	1	1
16	38	1	0
17	38	1	0
18	38	1	1
19	38	1	0
20	38	1	0
21	38	1	1
22	38	1	1
23	38	1	1
24	38	1	0
25	38	1	0
26	38	1	1
27	38	1	1
28	38	1	0
29	38	1	0
30	38	1	1
31	38	1	0
32	38	1	0
33	38	1	1
34	38	1	1
35	38	1	0
36	38	1	0
37	38	1	0
38	38	1	0
39	38	1	0
40	38	1	0
41	38	1	0
42	38	1	1
43	38	1	1
44	38	1	1
45	38	1	1
46	38	1	1
47	38	1	1
48	38	1	1
49	38	1	1
50	38	1	1
51	38	1	1
52	38	1	1
53	38	1	1
54	38	1	1
55	38	1	1
56	38	1	1
57	38	1	1
58	38	1	0
59	38	1	0
60	38	1	0
61	38	1	0
62	38	1	1
63	38	1	1
64	38	1	1
65	38	1	1
66	38	1	1
67	38	1	1
68	38	1	1
69	38	1	1
70	38	1	0
71	38	1	0
72	38	1	1
73	38	1	1
74	38	1	1
75	38	1	1
1	39	1	1
2	39	1	1
3	39	1	1
4	39	1	1
5	39	1	1
6	39	1	1
7	39	1	1
8	39	1	1
9	39	1	1
10	39	1	1
11	39	1	1
12	39	1	1
13	39	1	1
14	39	1	1
15	39	1	1
16	39	1	0
17	39	1	1
18	39	1	0
19	39	1	0
20	39	1	1
21	39	1	1
22	39	1	1
23	39	1	0
24	39	1	0
25	39	1	1
26	39	1	1
27	39	1	0
28	39	1	0
29	39	1	1
30	39	1	0
31	39	1	0
32	39	1	1
33	39	1	1
34	39	1	1
35	39	1	1
36	39	1	1
37	39	1	0
38	39	1	0
39	39	1	1
40	39	1	1
41	39	1	1
42	39	1	1
43	39	1	1
44	39	1	1
45	39	1	1
46	39	1	1
47	39	1	1
48	39	1	1
49	39	1	1
50	39	1	1
51	39	1	1
52	39	1	1
53	39	1	1
54	39	1	1
55	39	1	0
56	39	1	0
57	39	1	0
58	39	1	0
59	39	1	1
60	39	1	1
61	39	1	1
62	39	1	1
63	39	1	1
64	39	1	1
65	39	1	1
66	39	1	1
67	39	1	1
68	39	1	1
69	39	1	0
70	39	1	0
71	39	1	0
72	39	1	1
73	39	1	1
74	39	1	1
75	39	1	1
1	40	1	1
2	40	1	1
3	40	1	1
4	40	1	1
5	40	1	1
6	40	1	1
7	40	1	1
8	40	1	1
9	40	1	1
10	40	1	1
11	40	1	1
12	40	1	1
13	40	1	1
14	40	1	1
15	40	1	0
16	40	1	0
17	40	1	1
18	40	1	0
19	40	1	1
20	40	1	1
21	40	1	1
22	40	1	1
23	40	1	0
24	40	1	1
25	40	1	1
26	40	1	0
27	40	1	0
28	40	1	1
29	40	1	0
30	40	1	0
31	40	1	1
32	40	1	1
33	40	1	1
34	40	1	1
35	40	1	0
36	40	1	0
37	40	1	0
38	40	1	1
39	40	1	1
40	40	1	1
41	40	1	1
42	40	1	1
43	40	1	1
44	40	1	1
45	40	1	1
46	40	1	1
47	40	1	1
48	40	1	1
49	40	1	1
50	40	1	1
51	40	1	1
52	40	1	0
53	40	1	0
54	40	1	0
55	40	1	0
56	40	1	1
57	40	1	1
58	40	1	1
59	40	1	1
60	40	1	1
61	40	1	1
62	40	1	1
63	40	1	1
64	40	1	1
65	40	1	1
66	40	1	1
67	40	1	0
68	40	1	0
69	40	1	0
70	40	1	0
71	40	1	1
72	40	1	1
73	40	1	1
74	40	1	1
75	40	1	1
1	41	1	1
2	41	1	1
3	41	1	1
4	41	1	1
5	41	1	1
6	41	1	1
7	41	1	1
8	41	1	1
9	41	1	1
10	41	1	1
11	41	1	1
12	41	1	1
13	41	1	1
14	41	1	1
15	41	1	1
16	41	1	0
17	41	1	0
18	41	1	1
19	41	1	1
20	41	1	1
21	41	1	1
22	41	1	0
23	41	1	0
24	41	1	1
25	41	1	1
26	41	1	0
27	41	1	1
28	41	1	1
29	41	1	0
30	41	1	1
31	41	1	1
32	41	1	1
33	41	1	0
34	41	1	0
35	41	1	0
36	41	1	1
37	41	1	1
38	41	1	1
39	41	1	1
40	41	1	1
41	41	1	1
42	41	1	1
43	41	1	1
44	41	1	1
45	41	1	1
46	41	1	1
47	41	1	1
48	41	1	1
49	41	1	0
50	41	1	0
51	41	1	0
52	41	1	0
53	41	1	0
54	41	1	1
55	41	1	1
56	41	1	1
57	41	1	1
58	41	1	1
59	41	1	1
60	41	1	1
61	41	1	1
62	41	1	1
63	41	1	1
64	41	1	1
65	41	1	1
66	41	1	0
67	41	1	0
68	41	1	0
69	41	1	0
70	41	1	1
71	41	1	1
72	41	1	1
73	41	1	1
74	41	1	1
75	41	1	1
1	42	1	1
2	42	1	1
3	42	1	1
4	42	1	1
5	42	1	1
6	42	1	1
7	42	1	1
8	42	1	1
9	42	1	1
10	42	1	1
11	42	1	1
12	42	1	1
13	42	1	1
14	42	1	1
15	42	1	1
16	42	1	0
17	42	1	1
18	42	1	1
19	42	1	1
20	42	1	1
21	42	1	0
22	42	1	0
23	42	1	1
24	42	1	1
25	42	1	0
26	42	1	0
27	42	1	1
28	42	1	0
29	42	1	1
30	42	1	1
31	42	1	0
32	42	1	0
33	42	1	0
34	42	1	1
35	42	1	1
36	42	1	1
37	42	1	1
38	42	1	1
39	42	1	1
40	42	1	1
41	42	1	1
42	42	1	1
43	42	1	1
44	42	1	1
45	42	1	1
46	42	1	1
47	42	1	0
48	42	1	0
49	42	1	0
50	42	1	0
51	42	1	1
52	42	1	1
53	42	1	1
54	42	1	1
55	42	1	1
56	42	1	1
57	42	1	1
58	42	1	1
59	42	1	1
60	42	1	1
61	42	1	1
62	42	1	1
63	42	1	1
64	42	1	1
65	42	1	1
66	42	1	0
67	42	1	0
68	42	1	0
69	42	1	1
70	42	1	1
71	42	1	1
72	42	1	1
73	42	1	1
74	42	1	1
75	42	1	1
1	43	1	1
2	43	1	1
3	43	1	1
4	43	1	1
5	43	1	1
6	43	1	1
7	43	1	1
8	43	1	1
9	43	1	1
10	43	1	1
11	43	1	1
12	43	1	1
13	43	1	1
14	43	1	1
15	43	1	0
16	43	1	1
17	43	1	1
18	43	1	1
19	43	1	1
20	43	1	0
21	43	1	0
22	43	1	1
23	43	1	1
24	43	1	0
25	43	1	0
26	43	1	0
27	43	1	0
28	43	1	1
29	43	1	1
30	43	1	0
31	43	1	0
32	43	1	1
33	43	1	1
34	43	1	0
35	43	1	1
36	43	1	1
37	43	1	1
38	43	1	1
39	43	1	1
40	43	1	1
41	43	1	1
42	43	1	1
43	43	1	1
44	43	1	1
45	43	1	0
46	43	1	0
47	43	1	0
48	43	1	1
49	43	1	1
50	43	1	1
51	43	1	1
52	43	1	1
53	43	1	1
54	43	1	1
55	43	1	1
56	43	1	1
57	43	1	1
58	43	1	1
59	43	1	1
60	43	1	1
61	43	1	1
62	43	1	1
63	43	1	1
64	43	1	1
65	43	1	0
66	43	1	0
67	43	1	0
68	43	1	1
69	43	1	1
70	43	1	1
71	43	1	1
72	43	1	1
73	43	1	1
74	43	1	1
75	43	1	1
1	44	1	1
2	44	1	1
3	44	1	1
4	44	1	1
5	44	1	1
6	44	1	1
7	44	1	1
8	44	1	1
9	44	1	1
10	44	1	1
11	44	1	1
12	44	1	1
13	44	1	1
14	44	1	1
15	44	1	0
16	44	1	1
17	44	1	1
18	44	1	1
19	44	1	0
20	44	1	0
21	44	1	1
22	44	1	0
23	44	1	0
24	44	1	0
25	44	1	0
26	44	1	0
27	44	1	1
28	44	1	1
29	44	1	0
30	44	1	0
31	44	1	1
32	44	1	1
33	44	1	0
34	44	1	0
35	44	1	1
36	44	1	1
37	44	1	1
38	44	1	1
39	44	1	1
40	44	1	1
41	44	1	1
42	44	1	1
43	44	1	0
44	44	1	0
45	44	1	0
46	44	1	1
47	44	1	1
48	44	1	1
49	44	1	1
50	44	1	1
51	44	1	1
52	44	1	1
53	44	1	1
54	44	1	1
55	44	1	1
56	44	1	1
57	44	1	1
58	44	1	1
59	44	1	1
60	44	1	1
61	44	1	1
62	44	1	1
63	44	1	1
64	44	1	0
65	44	1	0
66	44	1	0
67	44	1	1
68	44	1	1
69	44	1	1
70	44	1	1
71	44	1	1
72	44	1	1
73	44	1	1
74	44	1	1
75	44	1	1
1	45	1	1
2	45	1	1
3	45	1	1
4	45	1	1
5	45	1	1
6	45	1	1
7	45	1	1
8	45	1	1
9	45	1	1
10	45	1	1
11	45	1	1
12	45	1	1
13	45	1	1
14	45	1	1
15	45	1	1
16	45	1	1
17	45	1	1
18	45	1	0
19	45	1	0
20	45	1	1
21	45	1	0
22	45	1	0
23	45	1	1
24	45	1	0
25	45	1	0
26	45	1	1
27	45	1	1
28	45	1	1
29	45	1	0
30	45	1	1
31	45	1	1
32	45	1	1
33	45	1	0
34	45	1	0
35	45	1	1
36	45	1	1
37	45	1	1
38	45	1	1
39	45	1	1
40	45	1	1
41	45	1	0
42	45	1	0
43	45	1	0
44	45	1	1
45	45	1	1
46	45	1	1
47	45	1	1
48	45	1	1
49	45	1	1
50	45	1	1
51	45	1	1
52	45	1	1
53	45	1	1
54	45	1	1
55	45	1	1
56	45	1	1
57	45	1	1
58	45	1	1
59	45	1	1
60	45	1	1
61	45	1	1
62	45	1	1
63	45	1	1
64	45	1	0
65	45	1	0
66	45	1	1
67	45	1	1
68	45	1	1
69	45	1	1
70	45	1	1
71	45	1	1
72	45	1	1
73	45	1	1
74	45	1	1
75	45	1	1
1	46	1	1
2	46	1	1
3	46	1	1
4	46	1	1
5	46	1	1
6	46	1	1
7	46	1	1
8	46	1	1
9	46	1	1
10	46	1	1
11	46	1	1
12	46	1	1
13	46	1	1
14	46	1	1
15	46	1	1
16	46	1	1
17	46	1	0
18	46	1	0
19	46	1	1
20	46	1	0
21	46	1	0
22	46	1	0
23	46	1	0
24	46	1	0
25	46	1	1
26	46	1	1
27	46	1	1
28	46	1	0
29	46	1	0
30	46	1	0
31	46	1	1
32	46	1	0
33	46	1	0
34	46	1	1
35	46	1	1
36	46	1	1
37	46	1	1
38	46	1	1
39	46	1	0
40	46	1	0
41	46	1	0
42	46	1	0
43	46	1	1
44	46	1	1
45	46	1	1
46	46	1	1
47	46	1	1
48	46	1	1
49	46	1	1
50	46	1	1
51	46	1	1
52	46	1	1
53	46	1	1
54	46	1	1
55	46	1	1
56	46	1	1
57	46	1	1
58	46	1	1
59	46	1	1
60	46	1	1
61	46	1	1
62	46	1	1
63	46	1	0
64	46	1	0
65	46	1	1
66	46	1	1
67	46	1	1
68	46	1	1
69	46	1	1
70	46	1	1
71	46	1	1
72	46	1	1
73	46	1	1
74	46	1	1
75	46	1	1
1	47	1	1
2	47	1	1
3	47	1	1
4	47	1	1
5	47	1	1
6	47	1	1
7	47	1	1
8	47	1	1
9	47	1	1
10	47	1	1
11	47	1	1
12	47	1	1
13	47	1	1
14	47	1	1
15	47	1	1
16	47	1	0
17	47	1	0
18	47	1	1
19	47	1	0
20	47	1	0
21	47	1	0
22	47	1	0
23	47	1	0
24	47	1	1
25	47	1	1
26	47	1	1
27	47	1	0
28	47	1	0
29	47	1	0
30	47	1	1
31	47	1	0
32	47	1	0
33	47	1	1
34	47	1	1
35	47	1	1
36	47	1	1
37	47	1	0
38	47	1	0
39	47	1	0
40	47	1	1
41	47	1	1
42	47	1	1
43	47	1	1
44	47	1	1
45	47	1	1
46	47	1	1
47	47	1	1
48	47	1	1
49	47	1	1
50	47	1	1
51	47	1	1
52	47	1	1
53	47	1	1
54	47	1	1
55	47	1	1
56	47	1	1
57	47	1	1
58	47	1	1
59	47	1	1
60	47	1	1
61	47	1	1
62	47	1	0
63	47	1	0
64	47	1	1
65	47	1	1
66	47	1	1
67	47	1	1
68	47	1	1
69	47	1	1
70	47	1	1
71	47	1	1
72	47	1	1
73	47	1	1
74	47	1	1
75	47	1	1
1	48	1	1
2	48	1	1
3	48	1	1
4	48	1	1
5	48	1	1
6	48	1	1
7	48	1	1
8	48	1	1
9	48	1	1
10	48	1	1
11	48	1	1
12	48	1	1
13	48	1	1
14	48	1	0
15	48	1	0
16	48	1	1
17	48	1	1
18	48	1	0
19	48	1	0
20	48	1	0
21	48	1	0
22	48	1	1
23	48	1	1
24	48	1	1
25	48	1	1
26	48	1	0
27	48	1	0
28	48	1	0
29	48	1	1
30	48	1	1
31	48	1	0
32	48	1	1
33	48	1	1
34	48	1	1
35	48	1	1
36	48	1	0
37	48	1	0
38	48	1	1
39	48	1	1
40	48	1	1
41	48	1	1
42	48	1	1
43	48	1	1
44	48	1	1
45	48	1	1
46	48	1	1
47	48	1	1
48	48	1	1
49	48	1	1
50	48	1	1
51	48	1	1
52	48	1	1
53	48	1	1
54	48	1	1
55	48	1	1
56	48	1	1
57	48	1	1
58	48	1	1
59	48	1	1
60	48	1	1
61	48	1	1
62	48	1	0
63	48	1	1
64	48	1	1
65	48	1	1
66	48	1	1
67	48	1	1
68	48	1	1
69	48	1	1
70	48	1	1
71	48	1	1
72	48	1	1
73	48	1	1
74	48	1	1
75	48	1	1
1	49	1	1
2	49	1	1
3	49	1	1
4	49	1	1
5	49	1	1
6	49	1	1
7	49	1	1
8	49	1	1
9	49	1	1
10	49	1	1
11	49	1	1
12	49	1	1
13	49	1	1
14	49	1	0
15	49	1	1
16	49	1	1
17	49	1	0
18	49	1	0
19	49	1	0
20	49	1	0
21	49	1	1
22	49	1	1
23	49	1	1
24	49	1	1
25	49	1	0
26	49	1	0
27	49	1	0
28	49	1	1
29	49	1	1
30	49	1	0
31	49	1	0
32	49	1	1
33	49	1	1
34	49	1	1
35	49	1	1
36	49	1	0
37	49	1	0
38	49	1	1
39	49	1	1
40	49	1	1
41	49	1	1
42	49	1	1
43	49	1	1
44	49	1	1
45	49	1	1
46	49	1	1
47	49	1	1
48	49	1	1
49	49	1	1
50	49	1	1
51	49	1	1
52	49	1	1
53	49	1	1
54	49	1	1
55	49	1	1
56	49	1	1
57	49	1	1
58	49	1	1
59	49	1	1
60	49	1	1
61	49	1	0
62	49	1	0
63	49	1	1
64	49	1	1
65	49	1	1
66	49	1	1
67	49	1	1
68	49	1	1
69	49	1	1
70	49	1	1
71	49	1	1
72	49	1	1
73	49	1	1
74	49	1	1
75	49	1	1
1	50	1	1
2	50	1	1
3	50	1	1
4	50	1	1
5	50	1	1
6	50	1	1
7	50	1	1
8	50	1	1
9	50	1	1
10	50	1	1
11	50	1	1
12	50	1	1
13	50	1	1
14	50	1	1
15	50	1	0
16	50	1	0
17	50	1	1
18	50	1	1
19	50	1	0
20	50	1	1
21	50	1	1
22	50	1	1
23	50	1	1
24	50	1	0
25	50	1	0
26	50	1	0
27	50	1	1
28	50	1	1
29	50	1	0
30	50	1	0
31	50	1	1
32	50	1	1
33	50	1	1
34	50	1	1
35	50	1	0
36	50	1	0
37	50	1	1
38	50	1	1
39	50	1	1
40	50	1	1
41	50	1	1
42	50	1	1
43	50	1	1
44	50	1	1
45	50	1	1
46	50	1	1
47	50	1	1
48	50	1	1
49	50	1	1
50	50	1	1
51	50	1	1
52	50	1	1
53	50	1	1
54	50	1	1
55	50	1	1
56	50	1	1
57	50	1	1
58	50	1	1
59	50	1	1
60	50	1	1
61	50	1	0
62	50	1	1
63	50	1	1
64	50	1	1
65	50	1	1
66	50	1	1
67	50	1	1
68	50	1	1
69	50	1	1
70	50	1	1
71	50	1	1
72	50	1	1
73	50	1	1
74	50	1	1
75	50	1	1
1	51	1	1
2	51	1	1
3	51	1	1
4	51	1	1
5	51	1	1
6	51	1	1
7	51	1	1
8	51	1	1
9	51	1	1
10	51	1	1
11	51	1	1
12	51	1	1
13	51	1	1
14	51	1	0
15	51	1	0
16	51	1	1
17	51	1	1
18	51	1	0
19	51	1	0
20	51	1	1
21	51	1	1
22	51	1	1
23	51	1	0
24	51	1	0
25	51	1	0
26	51	1	1
27	51	1	1
28	51	1	0
29	51	1	0
30	51	1	1
31	51	1	1
32	51	1	1
33	51	1	1
34	51	1	0
35	51	1	0
36	51	1	1
37	51	1	1
38	51	1	1
39	51	1	1
40	51	1	1
41	51	1	1
42	51	1	1
43	51	1	1
44	51	1	1
45	51	1	1
46	51	1	1
47	51	1	1
48	51	1	1
49	51	1	1
50	51	1	1
51	51	1	1
52	51	1	1
53	51	1	1
54	51	1	1
55	51	1	1
56	51	1	1
57	51	1	1
58	51	1	1
59	51	1	1
60	51	1	0
61	51	1	0
62	51	1	1
63	51	1	1
64	51	1	1
65	51	1	1
66	51	1	1
67	51	1	1
68	51	1	1
69	51	1	1
70	51	1	1
71	51	1	1
72	51	1	1
73	51	1	1
74	51	1	1
75	51	1	1
1	52	1	1
2	52	1	1
3	52	1	1
4	52	1	1
5	52	1	1
6	52	1	1
7	52	1	1
8	52	1	1
9	52	1	1
10	52	1	1
11	52	1	1
12	52	1	1
13	52	1	1
14	52	1	0
15	52	1	1
16	52	1	1
17	52	1	0
18	52	1	0
19	52	1	1
20	52	1	1
21	52	1	1
22	52	1	0
23	52	1	0
24	52	1	0
25	52	1	1
26	52	1	1
27	52	1	0
28	52	1	0
29	52	1	1
30	52	1	1
31	52	1	1
32	52	1	1
33	52	1	0
34	52	1	0
35	52	1	1
36	52	1	1
37	52	1	1
38	52	1	1
39	52	1	1
40	52	1	1
41	52	1	1
42	52	1	1
43	52	1	1
44	52	1	1
45	52	1	1
46	52	1	1
47	52	1	1
48	52	1	1
49	52	1	1
50	52	1	1
51	52	1	1
52	52	1	1
53	52	1	1
54	52	1	1
55	52	1	1
56	52	1	1
57	52	1	1
58	52	1	1
59	52	1	0
60	52	1	0
61	52	1	1
62	52	1	1
63	52	1	1
64	52	1	1
65	52	1	1
66	52	1	1
67	52	1	1
68	52	1	1
69	52	1	1
70	52	1	1
71	52	1	1
72	52	1	1
73	52	1	1
74	52	1	1
75	52	1	1
1	53	1	1
2	53	1	1
3	53	1	1
4	53	1	1
5	53	1	1
6	53	1	1
7	53	1	1
8	53	1	1
9	53	1	1
10	53	1	1
11	53	1	1
12	53	1	1
13	53	1	0
14	53	1	1
15	53	1	1
16	53	1	0
17	53	1	0
18	53	1	1
19	53	1	1
20	53	1	1
21	53	1	0
22	53	1	0
23	53	1	0
24	53	1	1
25	53	1	1
26	53	1	0
27	53	1	0
28	53	1	1
29	53	1	1
30	53	1	1
31	53	1	1
32	53	1	0
33	53	1	0
34	53	1	1
35	53	1	1
36	53	1	1
37	53	1	1
38	53	1	1
39	53	1	1
40	53	1	1
41	53	1	1
42	53	1	1
43	53	1	1
44	53	1	1
45	53	1	1
46	53	1	1
47	53	1	1
48	53	1	1
49	53	1	1
50	53	1	1
51	53	1	1
52	53	1	1
53	53	1	1
54	53	1	1
55	53	1	1
56	53	1	1
57	53	1	1
58	53	1	1
59	53	1	0
60	53	1	0
61	53	1	1
62	53	1	1
63	53	1	1
64	53	1	1
65	53	1	1
66	53	1	1
67	53	1	1
68	53	1	1
69	53	1	1
70	53	1	1
71	53	1	1
72	53	1	1
73	53	1	1
74	53	1	1
75	53	1	1
1	54	1	1
2	54	1	1
3	54	1	1
4	54	1	1
5	54	1	1
6	54	1	1
7	54	1	1
8	54	1	1
9	54	1	1
10	54	1	1
11	54	1	1
12	54	1	0
13	54	1	0
14	54	1	1
15	54	1	0
16	54	1	0
17	54	1	1
18	54	1	1
19	54	1	1
20	54	1	0
21	54	1	0
22	54	1	0
23	54	1	1
24	54	1	1
25	54	1	0
26	54	1	0
27	54	1	1
28	54	1	1
29	54	1	1
30	54	1	1
31	54	1	0
32	54	1	0
33	54	1	1
34	54	1	1
35	54	1	1
36	54	1	1
37	54	1	1
38	54	1	1
39	54	1	1
40	54	1	1
41	54	1	1
42	54	1	1
43	54	1	1
44	54	1	1
45	54	1	1
46	54	1	1
47	54	1	1
48	54	1	1
49	54	1	1
50	54	1	1
51	54	1	1
52	54	1	1
53	54	1	1
54	54	1	1
55	54	1	1
56	54	1	1
57	54	1	1
58	54	1	1
59	54	1	0
60	54	1	1
61	54	1	1
62	54	1	1
63	54	1	1
64	54	1	1
65	54	1	1
66	54	1	1
67	54	1	1
68	54	1	1
69	54	1	1
70	54	1	1
71	54	1	1
72	54	1	1
73	54	1	1
74	54	1	1
75	54	1	1
1	55	1	1
2	55	1	1
3	55	1	1
4	55	1	1
5	55	1	1
6	55	1	1
7	55	1	1
8	55	1	1
9	55	1	1
10	55	1	1
11	55	1	0
12	55	1	0
13	55	1	1
14	55	1	1
15	55	1	0
16	55	1	1
17	55	1	1
18	55	1	1
19	55	1	0
20	55	1	0
21	55	1	0
22	55	1	1
23	55	1	1
24	55	1	0
25	55	1	0
26	55	1	1
27	55	1	1
28	55	1	1
29	55	1	0
30	55	1	0
31	55	1	0
32	55	1	1
33	55	1	1
34	55	1	1
35	55	1	1
36	55	1	1
37	55	1	1
38	55	1	1
39	55	1	1
40	55	1	1
41	55	1	1
42	55	1	1
43	55	1	1
44	55	1	1
45	55	1	1
46	55	1	1
47	55	1	1
48	55	1	1
49	55	1	1
50	55	1	1
51	55	1	1
52	55	1	1
53	55	1	1
54	55	1	1
55	55	1	1
56	55	1	1
57	55	1	1
58	55	1	0
59	55	1	0
60	55	1	1
61	55	1	1
62	55	1	1
63	55	1	1
64	55	1	1
65	55	1	1
66	55	1	1
67	55	1	1
68	55	1	1
69	55	1	1
70	55	1	1
71	55	1	1
72	55	1	1
73	55	1	1
74	55	1	1
75	55	1	1
1	56	1	1
2	56	1	1
3	56	1	1
4	56	1	1
5	56	1	1
6	56	1	1
7	56	1	1
8	56	1	1
9	56	1	1
10	56	1	1
11	56	1	0
12	56	1	1
13	56	1	1
14	56	1	0
15	56	1	1
16	56	1	1
17	56	1	0
18	56	1	0
19	56	1	0
20	56	1	1
21	56	1	1
22	56	1	0
23	56	1	0
24	56	1	0
25	56	1	1
26	56	1	1
27	56	1	1
28	56	1	0
29	56	1	0
30	56	1	1
31	56	1	1
32	56	1	1
33	56	1	1
34	56	1	1
35	56	1	1
36	56	1	1
37	56	1	1
38	56	1	1
39	56	1	1
40	56	1	1
41	56	1	1
42	56	1	1
43	56	1	1
44	56	1	1
45	56	1	1
46	56	1	1
47	56	1	1
48	56	1	1
49	56	1	1
50	56	1	1
51	56	1	1
52	56	1	1
53	56	1	1
54	56	1	1
55	56	1	1
56	56	1	1
57	56	1	1
58	56	1	0
59	56	1	1
60	56	1	1
61	56	1	1
62	56	1	1
63	56	1	1
64	56	1	1
65	56	1	1
66	56	1	1
67	56	1	1
68	56	1	1
69	56	1	1
70	56	1	1
71	56	1	1
72	56	1	1
73	56	1	1
74	56	1	1
75	56	1	1
1	57	1	1
2	57	1	1
3	57	1	1
4	57	1	1
5	57	1	1
6	57	1	1
7	57	1	1
8	57	1	1
9	57	1	1
10	57	1	0
11	57	1	0
12	57	1	1
13	57	1	0
14	57	1	0
15	57	1	1
16	57	1	0
17	57	1	0
18	57	1	1
19	57	1	1
20	57	1	0
21	57	1	0
22	57	1	0
23	57	1	1
24	57	1	1
25	57	1	1
26	57	1	1
27	57	1	0
28	57	1	0
29	57	1	1
30	57	1	1
31	57	1	1
32	57	1	1
33	57	1	1
34	57	1	1
35	57	1	1
36	57	1	1
37	57	1	1
38	57	1	1
39	57	1	1
40	57	1	1
41	57	1	1
42	57	1	1
43	57	1	1
44	57	1	1
45	57	1	1
46	57	1	1
47	57	1	1
48	57	1	1
49	57	1	1
50	57	1	1
51	57	1	1
52	57	1	1
53	57	1	1
54	57	1	1
55	57	1	1
56	57	1	1
57	57	1	0
58	57	1	0
59	57	1	1
60	57	1	1
61	57	1	1
62	57	1	1
63	57	1	1
64	57	1	1
65	57	1	1
66	57	1	1
67	57	1	1
68	57	1	1
69	57	1	1
70	57	1	1
71	57	1	1
72	57	1	1
73	57	1	1
74	57	1	1
75	57	1	1
1	58	1	1
2	58	1	1
3	58	1	1
4	58	1	1
5	58	1	1
6	58	1	1
7	58	1	1
8	58	1	1
9	58	1	1
10	58	1	0
11	58	1	1
12	58	1	0
13	58	1	0
14	58	1	1
15	58	1	0
16	58	1	0
17	58	1	1
18	58	1	1
19	58	1	0
20	58	1	0
21	58	1	1
22	58	1	1
23	58	1	1
24	58	1	1
25	58	1	1
26	58	1	1
27	58	1	0
28	58	1	1
29	58	1	1
30	58	1	1
31	58	1	1
32	58	1	1
33	58	1	1
34	58	1	1
35	58	1	1
36	58	1	1
37	58	1	1
38	58	1	1
39	58	1	1
40	58	1	1
41	58	1	1
42	58	1	1
43	58	1	1
44	58	1	1
45	58	1	1
46	58	1	1
47	58	1	1
48	58	1	1
49	58	1	1
50	58	1	1
51	58	1	1
52	58	1	1
53	58	1	1
54	58	1	1
55	58	1	1
56	58	1	0
57	58	1	0
58	58	1	1
59	58	1	1
60	58	1	1
61	58	1	1
62	58	1	1
63	58	1	1
64	58	1	1
65	58	1	1
66	58	1	1
67	58	1	1
68	58	1	1
69	58	1	1
70	58	1	1
71	58	1	1
72	58	1	1
73	58	1	1
74	58	1	1
75	58	1	1
1	59	1	1
2	59	1	1
3	59	1	1
4	59	1	1
5	59	1	1
6	59	1	1
7	59	1	1
8	59	1	1
9	59	1	1
10	59	1	0
11	59	1	1
12	59	1	0
13	59	1	0
14	59	1	0
15	59	1	0
16	59	1	1
17	59	1	0
18	59	1	0
19	59	1	0
20	59	1	1
21	59	1	1
22	59	1	1
23	59	1	1
24	59	1	1
25	59	1	1
26	59	1	0
27	59	1	0
28	59	1	1
29	59	1	1
30	59	1	1
31	59	1	1
32	59	1	1
33	59	1	1
34	59	1	1
35	59	1	1
36	59	1	1
37	59	1	1
38	59	1	1
39	59	1	1
40	59	1	1
41	59	1	1
42	59	1	1
43	59	1	1
44	59	1	1
45	59	1	1
46	59	1	1
47	59	1	1
48	59	1	1
49	59	1	1
50	59	1	1
51	59	1	1
52	59	1	1
53	59	1	1
54	59	1	1
55	59	1	0
56	59	1	0
57	59	1	1
58	59	1	1
59	59	1	1
60	59	1	1
61	59	1	1
62	59	1	1
63	59	1	1
64	59	1	1
65	59	1	1
66	59	1	1
67	59	1	1
68	59	1	1
69	59	1	1
70	59	1	1
71	59	1	1
72	59	1	1
73	59	1	1
74	59	1	1
75	59	1	1
1	60	1	1
2	60	1	1
3	60	1	1
4	60	1	1
5	60	1	1
6	60	1	1
7	60	1	1
8	60	1	1
9	60	1	0
10	60	1	0
11	60	1	0
12	60	1	0
13	60	1	0
14	60	1	0
15	60	1	1
16	60	1	0
17	60	1	0
18	60	1	1
19	60	1	1
20	60	1	1
21	60	1	1
22	60	1	1
23	60	1	1
24	60	1	1
25	60	1	0
26	60	1	0
27	60	1	1
28	60	1	1
29	60	1	1
30	60	1	1
31	60	1	1
32	60	1	1
33	60	1	1
34	60	1	1
35	60	1	1
36	60	1	1
37	60	1	1
38	60	1	1
39	60	1	1
40	60	1	1
41	60	1	1
42	60	1	1
43	60	1	1
44	60	1	1
45	60	1	1
46	60	1	1
47	60	1	1
48	60	1	1
49	60	1	1
50	60	1	1
51	60	1	1
52	60	1	1
53	60	1	1
54	60	1	0
55	60	1	0
56	60	1	1
57	60	1	1
58	60	1	1
59	60	1	1
60	60	1	1
61	60	1	1
62	60	1	1
63	60	1	1
64	60	1	1
65	60	1	1
66	60	1	1
67	60	1	1
68	60	1	1
69	60	1	1
70	60	1	1
71	60	1	1
72	60	1	1
73	60	1	1
74	60	1	1
75	60	1	1
1	61	1	1
2	61	1	1
3	61	1	1
4	61	1	1
5	61	1	1
6	61	1	1
7	61	1	1
8	61	1	1
9	61	1	0
10	61	1	0
11	61	1	0
12	61	1	0
13	61	1	1
14	61	1	1
15	61	1	0
16	61	1	0
17	61	1	1
18	61	1	1
19	61	1	1
20	61	1	1
21	61	1	1
22	61	1	1
23	61	1	1
24	61	1	0
25	61	1	0
26	61	1	1
27	61	1	1
28	61	1	1
29	61	1	1
30	61	1	1
31	61	1	1
32	61	1	1
33	61	1	1
34	61	1	1
35	61	1	1
36	61	1	1
37	61	1	1
38	61	1	1
39	61	1	1
40	61	1	1
41	61	1	1
42	61	1	1
43	61	1	1
44	61	1	1
45	61	1	1
46	61	1	1
47	61	1	1
48	61	1	1
49	61	1	1
50	61	1	1
51	61	1	1
52	61	1	0
53	61	1	0
54	61	1	0
55	61	1	1
56	61	1	1
57	61	1	1
58	61	1	1
59	61	1	1
60	61	1	1
61	61	1	1
62	61	1	1
63	61	1	1
64	61	1	1
65	61	1	1
66	61	1	1
67	61	1	1
68	61	1	1
69	61	1	1
70	61	1	1
71	61	1	1
72	61	1	1
73	61	1	1
74	61	1	1
75	61	1	1
1	62	1	1
2	62	1	1
3	62	1	1
4	62	1	1
5	62	1	1
6	62	1	1
7	62	1	1
8	62	1	1
9	62	1	0
10	62	1	0
11	62	1	0
12	62	1	0
13	62	1	1
14	62	1	0
15	62	1	0
16	62	1	1
17	62	1	1
18	62	1	1
19	62	1	1
20	62	1	1
21	62	1	1
22	62	1	1
23	62	1	0
24	62	1	0
25	62	1	1
26	62	1	1
27	62	1	1
28	62	1	1
29	62	1	1
30	62	1	1
31	62	1	1
32	62	1	1
33	62	1	1
34	62	1	1
35	62	1	1
36	62	1	1
37	62	1	1
38	62	1	1
39	62	1	1
40	62	1	1
41	62	1	1
42	62	1	1
43	62	1	1
44	62	1	0
45	62	1	0
46	62	1	1
47	62	1	1
48	62	1	1
49	62	1	1
50	62	1	1
51	62	1	1
52	62	1	0
53	62	1	0
54	62	1	1
55	62	1	1
56	62	1	1
57	62	1	1
58	62	1	1
59	62	1	1
60	62	1	1
61	62	1	1
62	62	1	1
63	62	1	1
64	62	1	1
65	62	1	1
66	62	1	1
67	62	1	1
68	62	1	1
69	62	1	1
70	62	1	1
71	62	1	1
72	62	1	1
73	62	1	1
74	62	1	1
75	62	1	1
1	63	1	1
2	63	1	1
3	63	1	1
4	63	1	1
5	63	1	1
6	63	1	1
7	63	1	1
8	63	1	1
9	63	1	0
10	63	1	0
11	63	1	0
12	63	1	1
13	63	1	0
14	63	1	0
15	63	1	1
16	63	1	1
17	63	1	1
18	63	1	1
19	63	1	1
20	63	1	1
21	63	1	1
22	63	1	0
23	63	1	0
24	63	1	1
25	63	1	1
26	63	1	1
27	63	1	1
28	63	1	1
29	63	1	1
30	63	1	1
31	63	1	1
32	63	1	1
33	63	1	1
34	63	1	1
35	63	1	1
36	63	1	1
37	63	1	1
38	63	1	1
39	63	1	1
40	63	1	1
41	63	1	1
42	63	1	1
43	63	1	0
44	63	1	0
45	63	1	0
46	63	1	1
47	63	1	1
48	63	1	1
49	63	1	1
50	63	1	1
51	63	1	1
52	63	1	1
53	63	1	1
54	63	1	1
55	63	1	1
56	63	1	1
57	63	1	1
58	63	1	1
59	63	1	1
60	63	1	1
61	63	1	1
62	63	1	1
63	63	1	1
64	63	1	1
65	63	1	1
66	63	1	1
67	63	1	1
68	63	1	1
69	63	1	1
70	63	1	1
71	63	1	1
72	63	1	1
73	63	1	1
74	63	1	1
75	63	1	1
1	64	1	1
2	64	1	1
3	64	1	1
4	64	1	1
5	64	1	1
6	64	1	1
7	64	1	1
8	64	1	1
9	64	1	0
10	64	1	0
11	64	1	0
12	64	1	0
13	64	1	0
14	64	1	1
15	64	1	1
16	64	1	1
17	64	1	1
18	64	1	1
19	64	1	1
20	64	1	1
21	64	1	1
22	64	1	0
23	64	1	1
24	64	1	1
25	64	1	1
26	64	1	1
27	64	1	1
28	64	1	1
29	64	1	1
30	64	1	1
31	64	1	1
32	64	1	1
33	64	1	1
34	64	1	1
35	64	1	1
36	64	1	1
37	64	1	1
38	64	1	1
39	64	1	1
40	64	1	1
41	64	1	0
42	64	1	0
43	64	1	0
44	64	1	1
45	64	1	1
46	64	1	1
47	64	1	1
48	64	1	1
49	64	1	1
50	64	1	1
51	64	1	1
52	64	1	1
53	64	1	1
54	64	1	1
55	64	1	1
56	64	1	1
57	64	1	1
58	64	1	1
59	64	1	1
60	64	1	1
61	64	1	1
62	64	1	1
63	64	1	1
64	64	1	1
65	64	1	1
66	64	1	1
67	64	1	1
68	64	1	1
69	64	1	1
70	64	1	1
71	64	1	1
72	64	1	1
73	64	1	1
74	64	1	1
75	64	1	1
1	65	1	1
2	65	1	1
3	65	1	1
4	65	1	1
5	65	1	1
6	65	1	1
7	65	1	1
8	65	1	1
9	65	1	0
10	65	1	0
11	65	1	0
12	65	1	1
13	65	1	1
14	65	1	1
15	65	1	1
16	65	1	1
17	65	1	1
18	65	1	1
19	65	1	1
20	65	1	1
21	65	1	1
22	65	1	1
23	65	1	1
24	65	1	1
25	65	1	1
26	65	1	1
27	65	1	1
28	65	1	1
29	65	1	1
30	65	1	1
31	65	1	1
32	65	1	1
33	65	1	1
34	65	1	1
35	65	1	1
36	65	1	1
37	65	1	1
38	65	1	1
39	65	1	1
40	65	1	0
41	65	1	0
42	65	1	0
43	65	1	1
44	65	1	1
45	65	1	1
46	65	1	1
47	65	1	1
48	65	1	1
49	65	1	1
50	65	1	1
51	65	1	1
52	65	1	1
53	65	1	1
54	65	1	1
55	65	1	1
56	65	1	1
57	65	1	1
58	65	1	1
59	65	1	1
60	65	1	1
61	65	1	1
62	65	1	1
63	65	1	1
64	65	1	1
65	65	1	1
66	65	1	1
67	65	1	1
68	65	1	1
69	65	1	1
70	65	1	1
71	65	1	1
72	65	1	1
73	65	1	1
74	65	1	1
75	65	1	1
1	66	1	1
2	66	1	1
3	66	1	1
4	66	1	1
5	66	1	1
6	66	1	1
7	66	1	1
8	66	1	1
9	66	1	0
10	66	1	0
11	66	1	1
12	66	1	1
13	66	1	1
14	66	1	1
15	66	1	1
16	66	1	1
17	66	1	1
18	66	1	1
19	66	1	1
20	66	1	1
21	66	1	1
22	66	1	1
23	66	1	1
24	66	1	1
25	66	1	1
26	66	1	1
27	66	1	1
28	66	1	1
29	66	1	1
30	66	1	1
31	66	1	1
32	66	1	1
33	66	1	1
34	66	1	1
35	66	1	1
36	66	1	1
37	66	1	0
38	66	1	0
39	66	1	0
40	66	1	0
41	66	1	1
42	66	1	1
43	66	1	1
44	66	1	1
45	66	1	1
46	66	1	1
47	66	1	1
48	66	1	1
49	66	1	1
50	66	1	1
51	66	1	1
52	66	1	1
53	66	1	1
54	66	1	1
55	66	1	1
56	66	1	1
57	66	1	1
58	66	1	1
59	66	1	1
60	66	1	1
61	66	1	1
62	66	1	1
63	66	1	1
64	66	1	1
65	66	1	1
66	66	1	1
67	66	1	1
68	66	1	1
69	66	1	1
70	66	1	1
71	66	1	1
72	66	1	1
73	66	1	1
74	66	1	1
75	66	1	1
1	67	1	1
2	67	1	1
3	67	1	1
4	67	1	1
5	67	1	1
6	67	1	1
7	67	1	1
8	67	1	1
9	67	1	0
10	67	1	0
11	67	1	1
12	67	1	1
13	67	1	1
14	67	1	1
15	67	1	1
16	67	1	1
17	67	1	1
18	67	1	1
19	67	1	1
20	67	1	1
21	67	1	1
22	67	1	1
23	67	1	1
24	67	1	1
25	67	1	1
26	67	1	1
27	67	1	1
28	67	1	1
29	67	1	1
30	67	1	1
31	67	1	1
32	67	1	1
33	67	1	1
34	67	1	1
35	67	1	0
36	67	1	0
37	67	1	0
38	67	1	0
39	67	1	1
40	67	1	1
41	67	1	1
42	67	1	1
43	67	1	1
44	67	1	1
45	67	1	1
46	67	1	1
47	67	1	1
48	67	1	1
49	67	1	1
50	67	1	1
51	67	1	1
52	67	1	1
53	67	1	1
54	67	1	1
55	67	1	1
56	67	1	1
57	67	1	1
58	67	1	1
59	67	1	1
60	67	1	1
61	67	1	1
62	67	1	1
63	67	1	1
64	67	1	1
65	67	1	1
66	67	1	1
67	67	1	1
68	67	1	1
69	67	1	1
70	67	1	1
71	67	1	1
72	67	1	1
73	67	1	1
74	67	1	1
75	67	1	1
1	68	1	1
2	68	1	1
3	68	1	1
4	68	1	1
5	68	1	1
6	68	1	1
7	68	1	1
8	68	1	1
9	68	1	0
10	68	1	0
11	68	1	1
12	68	1	1
13	68	1	1
14	68	1	1
15	68	1	1
16	68	1	0
17	68	1	0
18	68	1	1
19	68	1	1
20	68	1	1
21	68	1	1
22	68	1	1
23	68	1	1
24	68	1	1
25	68	1	1
26	68	1	1
27	68	1	1
28	68	1	1
29	68	1	1
30	68	1	1
31	68	1	1
32	68	1	1
33	68	1	1
34	68	1	0
35	68	1	0
36	68	1	1
37	68	1	1
38	68	1	1
39	68	1	1
40	68	1	1
41	68	1	1
42	68	1	1
43	68	1	1
44	68	1	1
45	68	1	1
46	68	1	1
47	68	1	1
48	68	1	1
49	68	1	1
50	68	1	1
51	68	1	1
52	68	1	1
53	68	1	1
54	68	1	1
55	68	1	1
56	68	1	1
57	68	1	1
58	68	1	1
59	68	1	1
60	68	1	1
61	68	1	1
62	68	1	1
63	68	1	1
64	68	1	1
65	68	1	1
66	68	1	1
67	68	1	1
68	68	1	1
69	68	1	1
70	68	1	1
71	68	1	1
72	68	1	1
73	68	1	1
74	68	1	1
75	68	1	1
1	69	1	1
2	69	1	1
3	69	1	1
4	69	1	1
5	69	1	1
6	69	1	1
7	69	1	1
8	69	1	1
9	69	1	0
10	69	1	0
11	69	1	1
12	69	1	1
13	69	1	1
14	69	1	1
15	69	1	1
16	69	1	0
17	69	1	0
18	69	1	1
19	69	1	1
20	69	1	1
21	69	1	1
22	69	1	1
23	69	1	1
24	69	1	1
25	69	1	1
26	69	1	1
27	69	1	1
28	69	1	1
29	69	1	1
30	69	1	1
31	69	1	1
32	69	1	0
33	69	1	0
34	69	1	0
35	69	1	1
36	69	1	1
37	69	1	1
38	69	1	1
39	69	1	1
40	69	1	1
41	69	1	1
42	69	1	1
43	69	1	1
44	69	1	1
45	69	1	1
46	69	1	1
47	69	1	1
48	69	1	1
49	69	1	1
50	69	1	1
51	69	1	1
52	69	1	1
53	69	1	1
54	69	1	1
55	69	1	1
56	69	1	1
57	69	1	1
58	69	1	1
59	69	1	1
60	69	1	1
61	69	1	1
62	69	1	1
63	69	1	1
64	69	1	1
65	69	1	1
66	69	1	1
67	69	1	1
68	69	1	1
69	69	1	1
70	69	1	1
71	69	1	1
72	69	1	1
73	69	1	1
74	69	1	1
75	69	1	1
1	70	1	1
2	70	1	1
3	70	1	1
4	70	1	1
5	70	1	1
6	70	1	1
7	70	1	1
8	70	1	1
9	70	1	0
10	70	1	1
11	70	1	1
12	70	1	0
13	70	1	1
14	70	1	1
15	70	1	1
16	70	1	0
17	70	1	1
18	70	1	1
19	70	1	1
20	70	1	1
21	70	1	1
22	70	1	1
23	70	1	1
24	70	1	1
25	70	1	1
26	70	1	1
27	70	1	1
28	70	1	1
29	70	1	1
30	70	1	0
31	70	1	0
32	70	1	0
33	70	1	1
34	70	1	1
35	70	1	1
36	70	1	1
37	70	1	1
38	70	1	1
39	70	1	1
40	70	1	1
41	70	1	1
42	70	1	1
43	70	1	1
44	70	1	1
45	70	1	1
46	70	1	1
47	70	1	1
48	70	1	1
49	70	1	1
50	70	1	1
51	70	1	1
52	70	1	1
53	70	1	1
54	70	1	1
55	70	1	1
56	70	1	1
57	70	1	1
58	70	1	1
59	70	1	1
60	70	1	1
61	70	1	1
62	70	1	1
63	70	1	1
64	70	1	1
65	70	1	1
66	70	1	1
67	70	1	1
68	70	1	1
69	70	1	1
70	70	1	1
71	70	1	1
72	70	1	1
73	70	1	1
74	70	1	1
75	70	1	1
1	71	1	1
2	71	1	1
3	71	1	1
4	71	1	1
5	71	1	1
6	71	1	1
7	71	1	1
8	71	1	1
9	71	1	0
10	71	1	1
11	71	1	1
12	71	1	0
13	71	1	1
14	71	1	1
15	71	1	1
16	71	1	0
17	71	1	0
18	71	1	1
19	71	1	1
20	71	1	1
21	71	1	1
22	71	1	1
23	71	1	1
24	71	1	1
25	71	1	1
26	71	1	1
27	71	1	1
28	71	1	0
29	71	1	0
30	71	1	0
31	71	1	0
32	71	1	1
33	71	1	1
34	71	1	1
35	71	1	1
36	71	1	1
37	71	1	1
38	71	1	1
39	71	1	1
40	71	1	1
41	71	1	1
42	71	1	1
43	71	1	1
44	71	1	1
45	71	1	1
46	71	1	1
47	71	1	1
48	71	1	1
49	71	1	1
50	71	1	1
51	71	1	1
52	71	1	1
53	71	1	1
54	71	1	1
55	71	1	1
56	71	1	1
57	71	1	1
58	71	1	1
59	71	1	1
60	71	1	1
61	71	1	1
62	71	1	1
63	71	1	1
64	71	1	1
65	71	1	1
66	71	1	1
67	71	1	1
68	71	1	1
69	71	1	1
70	71	1	1
71	71	1	1
72	71	1	1
73	71	1	1
74	71	1	1
75	71	1	1
1	72	1	1
2	72	1	1
3	72	1	1
4	72	1	1
5	72	1	1
6	72	1	1
7	72	1	1
8	72	1	0
9	72	1	0
10	72	1	1
11	72	1	0
12	72	1	0
13	72	1	1
14	72	1	1
15	72	1	0
16	72	1	0
17	72	1	0
18	72	1	1
19	72	1	1
20	72	1	1
21	72	1	1
22	72	1	1
23	72	1	1
24	72	1	1
25	72	1	0
26	72	1	0
27	72	1	0
28	72	1	0
29	72	1	1
30	72	1	1
31	72	1	1
32	72	1	1
33	72	1	1
34	72	1	1
35	72	1	1
36	72	1	1
37	72	1	1
38	72	1	1
39	72	1	1
40	72	1	1
41	72	1	1
42	72	1	1
43	72	1	1
44	72	1	1
45	72	1	1
46	72	1	1
47	72	1	1
48	72	1	1
49	72	1	1
50	72	1	1
51	72	1	1
52	72	1	1
53	72	1	1
54	72	1	1
55	72	1	1
56	72	1	1
57	72	1	1
58	72	1	1
59	72	1	1
60	72	1	1
61	72	1	1
62	72	1	1
63	72	1	1
64	72	1	1
65	72	1	1
66	72	1	1
67	72	1	1
68	72	1	1
69	72	1	1
70	72	1	1
71	72	1	1
72	72	1	1
73	72	1	1
74	72	1	1
75	72	1	1
1	73	1	1
2	73	1	1
3	73	1	1
4	73	1	1
5	73	1	1
6	73	1	1
7	73	1	1
8	73	1	0
9	73	1	1
10	73	1	1
11	73	1	0
12	73	1	0
13	73	1	1
14	73	1	1
15	73	1	0
16	73	1	0
17	73	1	0
18	73	1	1
19	73	1	1
20	73	1	1
21	73	1	1
22	73	1	1
23	73	1	0
24	73	1	0
25	73	1	0
26	73	1	0
27	73	1	1
28	73	1	1
29	73	1	1
30	73	1	1
31	73	1	1
32	73	1	1
33	73	1	1
34	73	1	1
35	73	1	1
36	73	1	1
37	73	1	1
38	73	1	1
39	73	1	1
40	73	1	1
41	73	1	1
42	73	1	1
43	73	1	1
44	73	1	1
45	73	1	1
46	73	1	1
47	73	1	1
48	73	1	1
49	73	1	1
50	73	1	1
51	73	1	1
52	73	1	1
53	73	1	1
54	73	1	1
55	73	1	1
56	73	1	1
57	73	1	1
58	73	1	1
59	73	1	1
60	73	1	1
61	73	1	1
62	73	1	1
63	73	1	1
64	73	1	1
65	73	1	1
66	73	1	1
67	73	1	1
68	73	1	1
69	73	1	1
70	73	1	1
71	73	1	1
72	73	1	1
73	73	1	1
74	73	1	1
75	73	1	1
1	74	1	1
2	74	1	1
3	74	1	1
4	74	1	1
5	74	1	1
6	74	1	1
7	74	1	0
8	74	1	0
9	74	1	1
10	74	1	1
11	74	1	0
12	74	1	1
13	74	1	1
14	74	1	1
15	74	1	0
16	74	1	0
17	74	1	0
18	74	1	1
19	74	1	1
20	74	1	0
21	74	1	0
22	74	1	0
23	74	1	0
24	74	1	1
25	74	1	1
26	74	1	1
27	74	1	1
28	74	1	1
29	74	1	1
30	74	1	1
31	74	1	1
32	74	1	1
33	74	1	1
34	74	1	1
35	74	1	1
36	74	1	1
37	74	1	1
38	74	1	1
39	74	1	1
40	74	1	1
41	74	1	1
42	74	1	1
43	74	1	1
44	74	1	1
45	74	1	1
46	74	1	1
47	74	1	1
48	74	1	1
49	74	1	1
50	74	1	1
51	74	1	1
52	74	1	1
53	74	1	1
54	74	1	1
55	74	1	1
56	74	1	1
57	74	1	1
58	74	1	1
59	74	1	1
60	74	1	1
61	74	1	1
62	74	1	1
63	74	1	1
64	74	1	1
65	74	1	1
66	74	1	1
67	74	1	1
68	74	1	1
69	74	1	1
70	74	1	1
71	74	1	1
72	74	1	1
73	74	1	1
74	74	1	1
75	74	1	1
1	75	1	1
2	75	1	1
3	75	1	1
4	75	1	1
5	75	1	1
6	75	1	1
7	75	1	0
8	75	1	1
9	75	1	1
10	75	1	0
11	75	1	0
12	75	1	1
13	75	1	1
14	75	1	0
15	75	1	0
16	75	1	0
17	75	1	1
18	75	1	1
19	75	1	0
20	75	1	0
21	75	1	0
22	75	1	1
23	75	1	1
24	75	1	1
25	75	1	1
26	75	1	1
27	75	1	1
28	75	1	1
29	75	1	1
30	75	1	1
31	75	1	1
32	75	1	1
33	75	1	1
34	75	1	1
35	75	1	1
36	75	1	1
37	75	1	1
38	75	1	1
39	75	1	1
40	75	1	1
41	75	1	1
42	75	1	1
43	75	1	1
44	75	1	1
45	75	1	1
46	75	1	1
47	75	1	1
48	75	1	1
49	75	1	1
50	75	1	1
51	75	1	1
52	75	1	1
53	75	1	1
54	75	1	1
55	75	1	1
56	75	1	1
57	75	1	1
58	75	1	1
59	75	1	1
60	75	1	1
61	75	1	1
62	75	1	1
63	75	1	1
64	75	1	1
65	75	1	1
66	75	1	1
67	75	1	1
68	75	1	1
69	75	1	1
70	75	1	1
71	75	1	1
72	75	1	1
73	75	1	1
74	75	1	1
75	75	1	1
1	76	1	1
2	76	1	1
3	76	1	1
4	76	1	1
5	76	1	1
6	76	1	0
7	76	1	0
8	76	1	1
9	76	1	0
10	76	1	0
11	76	1	1
12	76	1	1
13	76	1	1
14	76	1	0
15	76	1	0
16	76	1	0
17	76	1	0
18	76	1	0
19	76	1	0
20	76	1	1
21	76	1	1
22	76	1	1
23	76	1	1
24	76	1	1
25	76	1	1
26	76	1	1
27	76	1	1
28	76	1	1
29	76	1	1
30	76	1	1
31	76	1	1
32	76	1	1
33	76	1	1
34	76	1	1
35	76	1	1
36	76	1	1
37	76	1	1
38	76	1	1
39	76	1	1
40	76	1	1
41	76	1	1
42	76	1	1
43	76	1	1
44	76	1	1
45	76	1	1
46	76	1	1
47	76	1	1
48	76	1	1
49	76	1	1
50	76	1	1
51	76	1	1
52	76	1	1
53	76	1	1
54	76	1	1
55	76	1	1
56	76	1	1
57	76	1	1
58	76	1	1
59	76	1	1
60	76	1	1
61	76	1	1
62	76	1	1
63	76	1	1
64	76	1	1
65	76	1	1
66	76	1	1
67	76	1	1
68	76	1	1
69	76	1	1
70	76	1	1
71	76	1	1
72	76	1	1
73	76	1	1
74	76	1	1
75	76	1	1
1	77	1	1
2	77	1	1
3	77	1	1
4	77	1	1
5	77	1	0
6	77	1	0
7	77	1	1
8	77	1	0
9	77	1	0
10	77	1	0
11	77	1	1
12	77	1	1
13	77	1	1
14	77	1	0
15	77	1	0
16	77	1	0
17	77	1	0
18	77	1	1
19	77	1	1
20	77	1	1
21	77	1	1
22	77	1	1
23	77	1	1
24	77	1	1
25	77	1	1
26	77	1	1
27	77	1	1
28	77	1	1
29	77	1	1
30	77	1	1
31	77	1	1
32	77	1	1
33	77	1	1
34	77	1	1
35	77	1	1
36	77	1	1
37	77	1	1
38	77	1	1
39	77	1	1
40	77	1	1
41	77	1	1
42	77	1	1
43	77	1	1
44	77	1	1
45	77	1	1
46	77	1	1
47	77	1	1
48	77	1	1
49	77	1	1
50	77	1	1
51	77	1	1
52	77	1	1
53	77	1	1
54	77	1	1
55	77	1	1
56	77	1	1
57	77	1	1
58	77	1	1
59	77	1	1
60	77	1	1
61	77	1	1
62	77	1	1
63	77	1	1
64	77	1	1
65	77	1	1
66	77	1	1
67	77	1	1
68	77	1	1
69	77	1	1
70	77	1	1
71	77	1	1
72	77	1	1
73	77	1	1
74	77	1	1
75	77	1	1
1	78	1	1
2	78	1	1
3	78	1	1
4	78	1	1
5	78	1	0
6	78	1	0
7	78	1	0
8	78	1	0
9	78	1	1
10	78	1	1
11	78	1	1
12	78	1	1
13	78	1	0
14	78	1	0
15	78	1	1
16	78	1	1
17	78	1	1
18	78	1	1
19	78	1	1
20	78	1	1
21	78	1	1
22	78	1	1
23	78	1	1
24	78	1	1
25	78	1	1
26	78	1	1
27	78	1	1
28	78	1	1
29	78	1	1
30	78	1	1
31	78	1	1
32	78	1	1
33	78	1	1
34	78	1	1
35	78	1	1
36	78	1	1
37	78	1	1
38	78	1	1
39	78	1	1
40	78	1	1
41	78	1	1
42	78	1	1
43	78	1	1
44	78	1	1
45	78	1	1
46	78	1	1
47	78	1	1
48	78	1	1
49	78	1	1
50	78	1	1
51	78	1	1
52	78	1	1
53	78	1	1
54	78	1	1
55	78	1	1
56	78	1	1
57	78	1	1
58	78	1	1
59	78	1	1
60	78	1	1
61	78	1	1
62	78	1	1
63	78	1	1
64	78	1	1
65	78	1	1
66	78	1	1
67	78	1	1
68	78	1	1
69	78	1	1
70	78	1	1
71	78	1	1
72	78	1	1
73	78	1	1
74	78	1	1
75	78	1	1
1	79	1	1
2	79	1	1
3	79	1	1
4	79	1	1
5	79	1	1
6	79	1	0
7	79	1	0
8	79	1	1
9	79	1	1
10	79	1	1
11	79	1	1
12	79	1	0
13	79	1	0
14	79	1	1
15	79	1	1
16	79	1	1
17	79	1	1
18	79	1	1
19	79	1	1
20	79	1	1
21	79	1	1
22	79	1	1
23	79	1	1
24	79	1	1
25	79	1	1
26	79	1	1
27	79	1	1
28	79	1	1
29	79	1	1
30	79	1	1
31	79	1	1
32	79	1	1
33	79	1	1
34	79	1	1
35	79	1	1
36	79	1	1
37	79	1	1
38	79	1	1
39	79	1	1
40	79	1	1
41	79	1	1
42	79	1	1
43	79	1	1
44	79	1	1
45	79	1	1
46	79	1	1
47	79	1	1
48	79	1	1
49	79	1	1
50	79	1	1
51	79	1	1
52	79	1	1
53	79	1	1
54	79	1	1
55	79	1	1
56	79	1	1
57	79	1	1
58	79	1	1
59	79	1	1
60	79	1	1
61	79	1	1
62	79	1	1
63	79	1	1
64	79	1	1
65	79	1	1
66	79	1	1
67	79	1	1
68	79	1	1
69	79	1	1
70	79	1	1
71	79	1	1
72	79	1	1
73	79	1	1
74	79	1	1
75	79	1	1
1	80	1	1
2	80	1	1
3	80	1	1
4	80	1	1
5	80	1	0
6	80	1	0
7	80	1	1
8	80	1	1
9	80	1	1
10	80	1	1
11	80	1	0
12	80	1	0
13	80	1	1
14	80	1	1
15	80	1	1
16	80	1	1
17	80	1	1
18	80	1	1
19	80	1	1
20	80	1	1
21	80	1	1
22	80	1	1
23	80	1	1
24	80	1	1
25	80	1	1
26	80	1	1
27	80	1	1
28	80	1	1
29	80	1	1
30	80	1	1
31	80	1	1
32	80	1	1
33	80	1	1
34	80	1	1
35	80	1	1
36	80	1	1
37	80	1	1
38	80	1	1
39	80	1	1
40	80	1	1
41	80	1	1
42	80	1	1
43	80	1	1
44	80	1	1
45	80	1	1
46	80	1	1
47	80	1	1
48	80	1	1
49	80	1	1
50	80	1	1
51	80	1	1
52	80	1	1
53	80	1	1
54	80	1	1
55	80	1	1
56	80	1	1
57	80	1	1
58	80	1	1
59	80	1	1
60	80	1	1
61	80	1	1
62	80	1	1
63	80	1	1
64	80	1	1
65	80	1	1
66	80	1	1
67	80	1	1
68	80	1	1
69	80	1	1
70	80	1	1
71	80	1	1
72	80	1	1
73	80	1	1
74	80	1	1
75	80	1	1
1	81	1	1
2	81	1	1
3	81	1	1
4	81	1	1
5	81	1	1
6	81	1	1
7	81	1	1
8	81	1	1
9	81	1	1
10	81	1	0
11	81	1	0
12	81	1	1
13	81	1	1
14	81	1	1
15	81	1	1
16	81	1	1
17	81	1	1
18	81	1	1
19	81	1	1
20	81	1	1
21	81	1	1
22	81	1	1
23	81	1	1
24	81	1	1
25	81	1	1
26	81	1	1
27	81	1	1
28	81	1	1
29	81	1	1
30	81	1	1
31	81	1	1
32	81	1	1
33	81	1	1
34	81	1	1
35	81	1	1
36	81	1	1
37	81	1	1
38	81	1	1
39	81	1	1
40	81	1	1
41	81	1	1
42	81	1	1
43	81	1	1
44	81	1	1
45	81	1	1
46	81	1	1
47	81	1	1
48	81	1	1
49	81	1	1
50	81	1	1
51	81	1	1
52	81	1	1
53	81	1	1
54	81	1	1
55	81	1	1
56	81	1	1
57	81	1	1
58	81	1	1
59	81	1	1
60	81	1	1
61	81	1	1
62	81	1	1
63	81	1	1
64	81	1	1
65	81	1	1
66	81	1	1
67	81	1	1
68	81	1	1
69	81	1	1
70	81	1	1
71	81	1	1
72	81	1	1
73	81	1	1
74	81	1	1
75	81	1	1
1	82	1	1
2	82	1	1
3	82	1	1
4	82	1	1
5	82	1	1
6	82	1	1
7	82	1	1
8	82	1	0
9	82	1	0
10	82	1	0
11	82	1	1
12	82	1	1
13	82	1	1
14	82	1	1
15	82	1	1
16	82	1	1
17	82	1	1
18	82	1	1
19	82	1	1
20	82	1	1
21	82	1	1
22	82	1	1
23	82	1	1
24	82	1	1
25	82	1	1
26	82	1	1
27	82	1	1
28	82	1	1
29	82	1	1
30	82	1	1
31	82	1	1
32	82	1	1
33	82	1	1
34	82	1	1
35	82	1	1
36	82	1	1
37	82	1	1
38	82	1	1
39	82	1	1
40	82	1	1
41	82	1	1
42	82	1	1
43	82	1	1
44	82	1	1
45	82	1	1
46	82	1	1
47	82	1	1
48	82	1	1
49	82	1	1
50	82	1	1
51	82	1	1
52	82	1	1
53	82	1	1
54	82	1	1
55	82	1	1
56	82	1	1
57	82	1	1
58	82	1	1
59	82	1	1
60	82	1	1
61	82	1	1
62	82	1	1
63	82	1	1
64	82	1	1
65	82	1	1
66	82	1	1
67	82	1	1
68	82	1	1
69	82	1	1
70	82	1	1
71	82	1	1
72	82	1	1
73	82	1	1
74	82	1	1
75	82	1	1
1	83	1	1
2	83	1	1
3	83	1	1
4	83	1	1
5	83	1	0
6	83	1	0
7	83	1	0
8	83	1	0
9	83	1	1
10	83	1	1
11	83	1	1
12	83	1	1
13	83	1	1
14	83	1	1
15	83	1	1
16	83	1	1
17	83	1	1
18	83	1	1
19	83	1	1
20	83	1	1
21	83	1	1
22	83	1	1
23	83	1	1
24	83	1	1
25	83	1	1
26	83	1	1
27	83	1	1
28	83	1	1
29	83	1	1
30	83	1	1
31	83	1	1
32	83	1	1
33	83	1	1
34	83	1	1
35	83	1	1
36	83	1	1
37	83	1	1
38	83	1	1
39	83	1	1
40	83	1	1
41	83	1	1
42	83	1	1
43	83	1	1
44	83	1	1
45	83	1	1
46	83	1	1
47	83	1	1
48	83	1	1
49	83	1	1
50	83	1	1
51	83	1	1
52	83	1	1
53	83	1	1
54	83	1	1
55	83	1	1
56	83	1	1
57	83	1	1
58	83	1	1
59	83	1	1
60	83	1	1
61	83	1	1
62	83	1	1
63	83	1	1
64	83	1	1
65	83	1	1
66	83	1	1
67	83	1	1
68	83	1	1
69	83	1	1
70	83	1	1
71	83	1	1
72	83	1	1
73	83	1	1
74	83	1	1
75	83	1	1
1	84	1	1
2	84	1	1
3	84	1	1
4	84	1	1
5	84	1	0
6	84	1	0
7	84	1	1
8	84	1	1
9	84	1	1
10	84	1	1
11	84	1	1
12	84	1	1
13	84	1	1
14	84	1	1
15	84	1	1
16	84	1	1
17	84	1	1
18	84	1	1
19	84	1	1
20	84	1	1
21	84	1	1
22	84	1	1
23	84	1	1
24	84	1	1
25	84	1	1
26	84	1	1
27	84	1	1
28	84	1	1
29	84	1	1
30	84	1	1
31	84	1	1
32	84	1	1
33	84	1	1
34	84	1	1
35	84	1	1
36	84	1	1
37	84	1	1
38	84	1	1
39	84	1	1
40	84	1	1
41	84	1	1
42	84	1	1
43	84	1	1
44	84	1	1
45	84	1	1
46	84	1	1
47	84	1	1
48	84	1	1
49	84	1	1
50	84	1	1
51	84	1	1
52	84	1	1
53	84	1	1
54	84	1	1
55	84	1	1
56	84	1	1
57	84	1	1
58	84	1	1
59	84	1	1
60	84	1	1
61	84	1	1
62	84	1	1
63	84	1	1
64	84	1	1
65	84	1	1
66	84	1	1
67	84	1	1
68	84	1	1
69	84	1	1
70	84	1	1
71	84	1	1
72	84	1	1
73	84	1	1
74	84	1	1
75	84	1	1
1	85	1	1
2	85	1	1
3	85	1	1
4	85	1	1
5	85	1	1
6	85	1	1
7	85	1	1
8	85	1	1
9	85	1	1
10	85	1	1
11	85	1	1
12	85	1	1
13	85	1	1
14	85	1	1
15	85	1	1
16	85	1	1
17	85	1	1
18	85	1	1
19	85	1	1
20	85	1	1
21	85	1	1
22	85	1	1
23	85	1	1
24	85	1	1
25	85	1	1
26	85	1	1
27	85	1	1
28	85	1	1
29	85	1	1
30	85	1	1
31	85	1	1
32	85	1	1
33	85	1	1
34	85	1	1
35	85	1	1
36	85	1	1
37	85	1	1
38	85	1	1
39	85	1	1
40	85	1	1
41	85	1	1
42	85	1	1
43	85	1	1
44	85	1	1
45	85	1	1
46	85	1	1
47	85	1	1
48	85	1	1
49	85	1	1
50	85	1	1
51	85	1	1
52	85	1	1
53	85	1	1
54	85	1	1
55	85	1	1
56	85	1	1
57	85	1	1
58	85	1	1
59	85	1	1
60	85	1	1
61	85	1	1
62	85	1	1
63	85	1	1
64	85	1	1
65	85	1	1
66	85	1	1
67	85	1	1
68	85	1	1
69	85	1	1
70	85	1	1
71	85	1	1
72	85	1	1
73	85	1	1
74	85	1	1
75	85	1	1
1	86	1	1
2	86	1	1
3	86	1	1
4	86	1	1
5	86	1	1
6	86	1	1
7	86	1	1
8	86	1	1
9	86	1	1
10	86	1	1
11	86	1	1
12	86	1	1
13	86	1	1
14	86	1	1
15	86	1	1
16	86	1	1
17	86	1	1
18	86	1	1
19	86	1	1
20	86	1	1
21	86	1	1
22	86	1	1
23	86	1	1
24	86	1	1
25	86	1	1
26	86	1	1
27	86	1	1
28	86	1	1
29	86	1	1
30	86	1	1
31	86	1	1
32	86	1	1
33	86	1	1
34	86	1	1
35	86	1	1
36	86	1	1
37	86	1	1
38	86	1	1
39	86	1	1
40	86	1	1
41	86	1	1
42	86	1	1
43	86	1	1
44	86	1	1
45	86	1	1
46	86	1	1
47	86	1	1
48	86	1	1
49	86	1	1
50	86	1	1
51	86	1	1
52	86	1	1
53	86	1	1
54	86	1	1
55	86	1	1
56	86	1	1
57	86	1	1
58	86	1	1
59	86	1	1
60	86	1	1
61	86	1	1
62	86	1	1
63	86	1	1
64	86	1	1
65	86	1	1
66	86	1	1
67	86	1	1
68	86	1	1
69	86	1	1
70	86	1	1
71	86	1	1
72	86	1	1
73	86	1	1
74	86	1	1
75	86	1	1
1	87	1	1
2	87	1	1
3	87	1	1
4	87	1	1
5	87	1	1
6	87	1	1
7	87	1	1
8	87	1	1
9	87	1	1
10	87	1	1
11	87	1	1
12	87	1	1
13	87	1	1
14	87	1	1
15	87	1	1
16	87	1	1
17	87	1	1
18	87	1	1
19	87	1	1
20	87	1	1
21	87	1	1
22	87	1	1
23	87	1	1
24	87	1	1
25	87	1	1
26	87	1	1
27	87	1	1
28	87	1	1
29	87	1	1
30	87	1	1
31	87	1	1
32	87	1	1
33	87	1	1
34	87	1	1
35	87	1	1
36	87	1	1
37	87	1	1
38	87	1	1
39	87	1	1
40	87	1	1
41	87	1	1
42	87	1	1
43	87	1	1
44	87	1	1
45	87	1	1
46	87	1	1
47	87	1	1
48	87	1	1
49	87	1	1
50	87	1	1
51	87	1	1
52	87	1	1
53	87	1	1
54	87	1	1
55	87	1	1
56	87	1	1
57	87	1	1
58	87	1	1
59	87	1	1
60	87	1	1
61	87	1	1
62	87	1	1
63	87	1	1
64	87	1	1
65	87	1	1
66	87	1	1
67	87	1	1
68	87	1	1
69	87	1	1
70	87	1	1
71	87	1	1
72	87	1	1
73	87	1	1
74	87	1	1
75	87	1	1
1	88	1	1
2	88	1	1
3	88	1	1
4	88	1	1
5	88	1	1
6	88	1	1
7	88	1	1
8	88	1	1
9	88	1	1
10	88	1	1
11	88	1	1
12	88	1	1
13	88	1	1
14	88	1	1
15	88	1	1
16	88	1	1
17	88	1	1
18	88	1	1
19	88	1	1
20	88	1	1
21	88	1	1
22	88	1	1
23	88	1	1
24	88	1	1
25	88	1	1
26	88	1	1
27	88	1	1
28	88	1	1
29	88	1	1
30	88	1	1
31	88	1	1
32	88	1	1
33	88	1	1
34	88	1	1
35	88	1	1
36	88	1	1
37	88	1	1
38	88	1	1
39	88	1	1
40	88	1	1
41	88	1	1
42	88	1	1
43	88	1	1
44	88	1	1
45	88	1	1
46	88	1	1
47	88	1	1
48	88	1	1
49	88	1	1
50	88	1	1
51	88	1	1
52	88	1	1
53	88	1	1
54	88	1	1
55	88	1	1
56	88	1	1
57	88	1	1
58	88	1	1
59	88	1	1
60	88	1	1
61	88	1	1
62	88	1	1
63	88	1	1
64	88	1	1
65	88	1	1
66	88	1	1
67	88	1	1
68	88	1	1
69	88	1	1
70	88	1	1
71	88	1	1
72	88	1	1
73	88	1	1
74	88	1	1
75	88	1	1
